Python 3.6.5 (v3.6.5:f59c0932b4, Mar 28 2018, 17:00:18) [MSC v.1900 64 bit (AMD64)] on win32
Type "copyright", "credits" or "license()" for more information.
>>> 
 RESTART: C:\Users\alok\Downloads\projects\project\traffic-signal-optimization\genetic%20algorithm\experiment 3.py 
Timtestep: 0
------------------------------
Generation 1 statistics
          Min: 43110.0
          Max: 56289.0
          Avg: 49618.8
          Std: 3609.3575439404885
  Improvement: 0.0
------------------------------
Selected individuals:
[array('b', [52, 4, 34, 37, 48, 81, 104, 85, 72, 66, 101, 22, 37, 86, 54, 42, 15, 3, 109, 94, 88]), array('b', [37, 35, 54, 27, 96, 39, 65, 34, 35, 107, 80, 53, 83, 52, 43, 19, 107, 74, 20, 81, 38]), array('b', [17, 62, 108, 29, 70, 75, 14, 3, 62, 54, 97, 16, 22, 87, 74, 116, 102, 26, 38, 80, 74]), array('b', [98, 63, 75, 9, 58, 37, 40, 5, 88, 101, 91, 59, 92, 74, 74, 84, 96, 110, 32, 57, 94]), array('b', [47, 6, 56, 18, 86, 49, 10, 52, 65, 89, 113, 84, 91, 38, 67, 44, 21, 0, 67, 28, 91])]
------------------------------
Generation 2 statistics
          Min: 39629.0
          Max: 54617.0
          Avg: 46824.8
          Std: 3029.18239794165
  Improvement: 8.074692646717699
------------------------------
Selected individuals:
[array('b', [37, 94, 34, 37, 48, 81, 104, 85, 72, 66, 101, 22, 52, 86, 54, 44, 15, 3, 109, 4, 88]), array('b', [17, 62, 108, 29, 70, 3, 14, 75, 62, 54, 97, 16, 22, 87, 74, 116, 102, 26, 38, 80, 74]), array('b', [52, 3, 34, 37, 48, 81, 104, 85, 72, 66, 101, 22, 37, 86, 54, 42, 15, 4, 109, 94, 88]), array('b', [98, 75, 63, 9, 58, 37, 40, 3, 62, 54, 74, 16, 22, 87, 97, 116, 102, 26, 38, 57, 94]), array('b', [47, 6, 56, 18, 96, 39, 65, 34, 35, 107, 80, 53, 83, 107, 43, 19, 91, 74, 20, 81, 52])]
------------------------------
Generation 3 statistics
          Min: 39137.0
          Max: 54139.0
          Avg: 45664.04
          Std: 3425.800239126611
  Improvement: 9.215959174205521
------------------------------
Selected individuals:
[array('b', [22, 85, 34, 37, 54, 81, 104, 94, 72, 66, 101, 37, 37, 86, 48, 44, 15, 3, 109, 4, 88]), array('b', [37, 94, 34, 37, 48, 72, 104, 85, 81, 66, 101, 22, 52, 86, 54, 44, 15, 3, 109, 4, 88]), array('b', [37, 94, 34, 15, 48, 81, 86, 85, 54, 66, 101, 22, 52, 104, 72, 44, 37, 3, 109, 4, 88]), array('b', [98, 75, 63, 9, 58, 3, 26, 37, 62, 54, 74, 16, 22, 87, 97, 116, 102, 40, 20, 81, 52]), array('b', [37, 94, 34, 4, 48, 81, 104, 86, 62, 54, 44, 16, 22, 85, 54, 74, 15, 3, 109, 37, 88])]
------------------------------
Generation 4 statistics
          Min: 38312.0
          Max: 54116.0
          Avg: 44577.34
          Std: 4037.19398894829
  Improvement: 11.129668290419856
------------------------------
Selected individuals:
[array('b', [22, 94, 34, 15, 54, 81, 104, 94, 72, 66, 101, 37, 37, 86, 48, 44, 15, 3, 109, 4, 88]), array('b', [37, 94, 34, 15, 48, 81, 86, 85, 44, 66, 101, 16, 22, 104, 72, 54, 37, 3, 109, 4, 88]), array('b', [22, 85, 34, 37, 54, 81, 104, 94, 72, 66, 101, 37, 37, 86, 48, 44, 15, 3, 109, 4, 88]), array('b', [37, 94, 104, 37, 48, 81, 34, 94, 72, 66, 101, 37, 37, 86, 48, 44, 15, 3, 109, 4, 88]), array('b', [22, 85, 34, 37, 48, 85, 104, 72, 81, 66, 101, 37, 37, 88, 48, 44, 15, 3, 109, 4, 86])]
------------------------------
Generation 5 statistics
          Min: 37948.0
          Max: 55133.0
          Avg: 44079.46
          Std: 3855.4023406643323
  Improvement: 11.974019948967756
------------------------------
Selected individuals:
[array('b', [37, 94, 34, 15, 48, 81, 86, 94, 72, 66, 101, 37, 37, 86, 48, 44, 15, 3, 109, 4, 88]), array('b', [22, 85, 34, 15, 54, 81, 109, 94, 72, 66, 86, 37, 37, 101, 48, 44, 15, 3, 104, 4, 88]), array('b', [37, 85, 104, 37, 48, 81, 94, 3, 44, 66, 101, 16, 22, 86, 48, 44, 15, 86, 109, 4, 88]), array('b', [22, 85, 34, 37, 54, 81, 104, 94, 72, 66, 101, 37, 37, 86, 48, 44, 15, 3, 109, 4, 88]), array('b', [37, 94, 104, 37, 48, 85, 104, 72, 81, 66, 86, 37, 37, 101, 48, 44, 15, 3, 109, 4, 88])]
------------------------------
Generation 6 statistics
          Min: 37964.0
          Max: 52614.0
          Avg: 42940.94
          Std: 3520.2773493575423
  Improvement: 11.936905590350266
------------------------------
Selected individuals:
[array('b', [37, 85, 104, 37, 48, 81, 86, 94, 72, 66, 101, 37, 37, 86, 48, 44, 15, 86, 109, 4, 88]), array('b', [37, 94, 104, 37, 48, 85, 86, 94, 72, 66, 101, 37, 37, 86, 48, 44, 15, 3, 109, 4, 88]), array('b', [37, 94, 104, 15, 48, 81, 34, 72, 81, 66, 86, 37, 44, 86, 48, 37, 15, 3, 109, 4, 88]), array('b', [37, 85, 104, 37, 48, 81, 94, 3, 44, 66, 101, 16, 37, 86, 48, 44, 15, 3, 109, 4, 88]), array('b', [37, 85, 104, 37, 54, 81, 104, 94, 72, 66, 101, 37, 37, 86, 48, 44, 15, 86, 109, 4, 88])]
------------------------------
Generation 7 statistics
          Min: 37482.0
          Max: 56915.0
          Avg: 43188.32
          Std: 4396.92568706819
  Improvement: 13.054975643702157
------------------------------
Selected individuals:
[array('b', [37, 85, 104, 37, 94, 81, 104, 48, 72, 66, 101, 37, 37, 86, 48, 44, 15, 86, 109, 4, 88]), array('b', [37, 94, 104, 37, 3, 81, 34, 72, 81, 66, 86, 37, 44, 86, 48, 37, 15, 48, 109, 4, 88]), array('b', [37, 85, 104, 37, 48, 81, 94, 94, 72, 66, 101, 37, 37, 86, 48, 44, 15, 3, 109, 4, 88]), array('b', [37, 94, 104, 3, 48, 81, 34, 72, 88, 66, 86, 37, 44, 86, 48, 37, 15, 15, 109, 4, 81]), array('b', [37, 85, 104, 37, 54, 94, 104, 81, 72, 66, 101, 37, 37, 86, 48, 44, 15, 86, 109, 4, 88])]
------------------------------
Generation 8 statistics
          Min: 37413.0
          Max: 59166.0
          Avg: 44846.12
          Std: 4545.017974177864
  Improvement: 13.215031315240083
------------------------------
Selected individuals:
[array('b', [37, 94, 104, 3, 37, 81, 34, 72, 81, 66, 86, 37, 44, 86, 48, 37, 15, 48, 109, 4, 88]), array('b', [37, 85, 104, 37, 48, 81, 94, 94, 88, 66, 86, 37, 44, 86, 48, 37, 15, 15, 109, 4, 81]), array('b', [37, 85, 104, 37, 48, 81, 94, 94, 72, 66, 101, 37, 37, 86, 48, 44, 15, 48, 109, 4, 88]), array('b', [37, 85, 15, 37, 94, 81, 104, 48, 72, 66, 101, 37, 37, 86, 48, 44, 3, 104, 109, 4, 88]), array('b', [37, 85, 104, 37, 54, 94, 104, 81, 72, 66, 101, 37, 37, 86, 48, 44, 15, 88, 109, 4, 86])]
------------------------------
Generation 9 statistics
          Min: 36919.0
          Max: 60005.0
          Avg: 44405.64
          Std: 5332.87100447781
  Improvement: 14.360937137555092
------------------------------
Selected individuals:
[array('b', [37, 85, 104, 37, 48, 81, 94, 94, 88, 66, 86, 37, 44, 86, 48, 37, 15, 48, 109, 4, 88]), array('b', [37, 85, 104, 37, 48, 81, 94, 94, 88, 66, 101, 37, 37, 86, 48, 37, 15, 15, 109, 4, 81]), array('b', [37, 85, 104, 37, 48, 81, 104, 48, 72, 66, 101, 37, 37, 86, 48, 44, 15, 48, 109, 4, 88]), array('b', [37, 85, 104, 37, 48, 81, 94, 94, 72, 66, 101, 37, 37, 86, 48, 44, 15, 48, 109, 4, 88]), array('b', [37, 85, 104, 37, 54, 94, 94, 94, 88, 66, 86, 37, 44, 86, 48, 37, 15, 15, 109, 4, 86])]
------------------------------
Generation 10 statistics
          Min: 36809.0
          Max: 60005.0
          Avg: 42619.88
          Std: 5467.427942424131
  Improvement: 14.616098353050337
------------------------------
Selected individuals:
[array('b', [37, 85, 104, 37, 48, 81, 94, 94, 88, 66, 101, 37, 44, 86, 48, 37, 15, 48, 109, 4, 88]), array('b', [37, 88, 104, 37, 48, 86, 94, 94, 85, 66, 81, 37, 44, 86, 48, 37, 15, 48, 109, 4, 88]), array('b', [37, 85, 104, 37, 48, 81, 94, 94, 88, 66, 86, 37, 44, 86, 48, 37, 15, 15, 109, 4, 86]), array('b', [37, 81, 109, 37, 48, 85, 104, 48, 72, 66, 101, 37, 37, 86, 48, 44, 15, 48, 104, 4, 88]), array('b', [37, 85, 104, 37, 48, 81, 94, 94, 88, 66, 101, 37, 37, 86, 48, 37, 15, 15, 109, 4, 88])]
36809.0
[37]
Timtestep: 1

Warning (from warnings module):
  File "C:\Users\alok\AppData\Local\Programs\Python\Python36\lib\site-packages\deap\creator.py", line 141
    RuntimeWarning)
RuntimeWarning: A class named 'FitnessMin' has already been created and it will be overwritten. Consider deleting previous creation of that class or rename it.

Warning (from warnings module):
  File "C:\Users\alok\AppData\Local\Programs\Python\Python36\lib\site-packages\deap\creator.py", line 141
    RuntimeWarning)
RuntimeWarning: A class named 'Individual' has already been created and it will be overwritten. Consider deleting previous creation of that class or rename it.
------------------------------
Generation 1 statistics
          Min: 36168.0
          Max: 58649.0
          Avg: 47816.52
          Std: 5165.62141175678
  Improvement: 0.0
------------------------------
Selected individuals:
[array('b', [21, 16, 30, 46, 100, 78, 106, 3, 36, 44, 31, 75, 67, 114, 111, 73, 94, 46, 4, 88, 59]), array('b', [14, 59, 3, 49, 107, 26, 87, 39, 88, 99, 101, 45, 66, 54, 55, 56, 11, 66, 16, 8, 28]), array('b', [74, 16, 75, 14, 58, 82, 34, 5, 16, 98, 81, 30, 34, 31, 38, 8, 114, 15, 24, 63, 83]), array('b', [9, 54, 37, 81, 48, 75, 91, 81, 82, 80, 40, 58, 65, 46, 102, 70, 119, 87, 51, 54, 58]), array('b', [51, 72, 71, 63, 94, 105, 108, 76, 34, 84, 29, 42, 9, 88, 35, 29, 19, 53, 2, 22, 102])]
------------------------------
Generation 2 statistics
          Min: 36499.0
          Max: 58023.0
          Avg: 42872.0
          Std: 4760.7392703234755
  Improvement: -0.9151736341517364
------------------------------
Selected individuals:
[array('b', [21, 16, 30, 46, 100, 78, 114, 3, 36, 44, 31, 58, 67, 106, 111, 73, 94, 46, 4, 88, 59]), array('b', [21, 16, 30, 46, 67, 76, 108, 78, 34, 44, 31, 75, 100, 114, 111, 73, 94, 46, 4, 88, 59]), array('b', [51, 102, 30, 46, 100, 78, 29, 72, 36, 42, 106, 29, 9, 88, 35, 44, 19, 53, 2, 22, 3]), array('b', [87, 16, 75, 55, 63, 26, 74, 39, 88, 99, 101, 45, 66, 54, 49, 56, 11, 66, 24, 107, 83]), array('b', [14, 59, 3, 49, 107, 26, 87, 39, 88, 99, 101, 45, 66, 54, 55, 56, 11, 66, 16, 8, 28])]
------------------------------
Generation 3 statistics
          Min: 34186.0
          Max: 57091.0
          Avg: 41867.1
          Std: 4628.168066308753
  Improvement: 5.479982304799823
------------------------------
Selected individuals:
[array('b', [14, 59, 3, 26, 107, 49, 87, 3, 88, 99, 101, 45, 66, 66, 55, 56, 11, 54, 16, 8, 28]), array('b', [21, 16, 75, 55, 63, 74, 26, 39, 34, 44, 31, 75, 100, 114, 111, 73, 94, 46, 4, 88, 59]), array('b', [14, 59, 3, 49, 107, 26, 87, 39, 88, 88, 101, 45, 66, 54, 55, 56, 94, 46, 4, 99, 28]), array('b', [21, 16, 30, 46, 100, 78, 114, 3, 34, 44, 31, 75, 100, 114, 111, 73, 94, 46, 4, 88, 59]), array('b', [14, 59, 3, 55, 54, 26, 87, 39, 88, 99, 101, 45, 66, 63, 55, 56, 11, 66, 16, 8, 28])]
------------------------------
Generation 4 statistics
          Min: 34280.0
          Max: 54588.0
          Avg: 41073.28
          Std: 4665.9809859878305
  Improvement: 5.220084052200841
------------------------------
Selected individuals:
[array('b', [14, 59, 4, 73, 39, 26, 87, 88, 107, 88, 101, 45, 66, 54, 55, 49, 28, 46, 3, 99, 94]), array('b', [14, 59, 3, 26, 107, 49, 87, 3, 88, 88, 101, 45, 66, 54, 55, 56, 94, 46, 4, 99, 28]), array('b', [14, 66, 3, 49, 107, 26, 87, 39, 88, 94, 101, 45, 59, 54, 55, 56, 88, 46, 4, 99, 28]), array('b', [21, 16, 3, 46, 54, 26, 87, 39, 88, 99, 101, 45, 66, 63, 55, 56, 11, 55, 4, 88, 59]), array('b', [21, 16, 30, 46, 100, 78, 26, 39, 34, 46, 31, 75, 100, 114, 111, 73, 94, 44, 4, 88, 59])]
------------------------------
Generation 5 statistics
          Min: 33034.0
          Max: 56312.0
          Avg: 39990.72
          Std: 4780.287137986578
  Improvement: 8.665118336651183
------------------------------
Selected individuals:
[array('b', [14, 66, 3, 26, 107, 59, 87, 3, 88, 88, 101, 49, 45, 54, 55, 56, 88, 46, 4, 99, 28]), array('b', [14, 59, 4, 73, 39, 26, 87, 39, 88, 99, 101, 45, 66, 54, 55, 49, 28, 46, 99, 3, 94]), array('b', [14, 59, 4, 73, 39, 26, 87, 88, 107, 88, 101, 45, 66, 54, 55, 56, 94, 46, 4, 99, 28]), array('b', [14, 59, 3, 26, 107, 49, 87, 3, 88, 88, 101, 45, 66, 54, 55, 56, 94, 46, 4, 99, 28]), array('b', [21, 16, 3, 55, 54, 26, 87, 39, 88, 99, 101, 45, 66, 63, 55, 56, 11, 46, 4, 88, 59])]
------------------------------
Generation 6 statistics
          Min: 33019.0
          Max: 48880.0
          Avg: 38851.94
          Std: 4691.9704321745085
  Improvement: 8.706591462065914
------------------------------
Selected individuals:
[array('b', [54, 59, 3, 28, 14, 26, 87, 39, 88, 99, 101, 45, 66, 63, 55, 56, 11, 46, 4, 99, 55]), array('b', [14, 59, 4, 73, 39, 26, 87, 88, 11, 88, 101, 45, 66, 63, 55, 56, 107, 46, 4, 99, 28]), array('b', [21, 16, 3, 55, 54, 26, 87, 39, 88, 88, 101, 49, 45, 63, 55, 56, 11, 46, 4, 88, 59]), array('b', [21, 59, 4, 73, 54, 26, 87, 39, 88, 99, 101, 45, 66, 63, 55, 56, 11, 46, 4, 88, 59]), array('b', [14, 59, 4, 73, 39, 26, 87, 88, 107, 88, 101, 45, 66, 54, 55, 56, 28, 46, 99, 3, 94])]
------------------------------
Generation 7 statistics
          Min: 31321.0
          Max: 53588.0
          Avg: 39805.86
          Std: 5882.0324752928755
  Improvement: 13.401349259013493
------------------------------
Selected individuals:
[array('b', [21, 59, 3, 28, 14, 4, 87, 39, 88, 99, 101, 45, 66, 63, 55, 56, 11, 46, 26, 99, 59]), array('b', [26, 16, 4, 73, 39, 21, 87, 88, 101, 88, 11, 45, 45, 63, 55, 56, 11, 46, 4, 88, 59]), array('b', [14, 59, 4, 73, 14, 26, 87, 88, 11, 88, 101, 45, 66, 63, 55, 56, 107, 46, 4, 99, 28]), array('b', [26, 73, 4, 14, 39, 59, 87, 88, 88, 88, 107, 45, 66, 63, 55, 56, 101, 46, 4, 99, 28]), array('b', [21, 59, 4, 73, 54, 26, 88, 39, 88, 99, 101, 45, 66, 63, 55, 56, 11, 46, 4, 87, 59])]
------------------------------
Generation 8 statistics
          Min: 31040.0
          Max: 53139.0
          Avg: 37948.06
          Std: 5997.711068099235
  Improvement: 14.178279141782792
------------------------------
Selected individuals:
[array('b', [21, 59, 3, 28, 14, 26, 87, 88, 11, 88, 101, 45, 66, 63, 55, 56, 11, 46, 26, 99, 59]), array('b', [21, 73, 4, 14, 39, 59, 87, 88, 88, 88, 107, 45, 66, 63, 55, 56, 11, 46, 26, 99, 59]), array('b', [26, 16, 4, 73, 39, 21, 87, 88, 101, 88, 11, 45, 45, 63, 55, 56, 11, 46, 26, 99, 59]), array('b', [26, 59, 4, 73, 14, 66, 87, 88, 11, 88, 101, 45, 26, 63, 55, 56, 11, 46, 4, 88, 59]), array('b', [14, 59, 4, 73, 14, 26, 87, 88, 11, 88, 101, 45, 66, 63, 55, 56, 11, 46, 26, 99, 59])]
------------------------------
Generation 9 statistics
          Min: 30401.0
          Max: 53575.0
          Avg: 37530.52
          Std: 5894.452508045175
  Improvement: 15.945034284450342
------------------------------
Selected individuals:
[array('b', [26, 59, 4, 73, 14, 55, 87, 88, 11, 88, 101, 45, 45, 63, 66, 56, 11, 46, 4, 88, 59]), array('b', [26, 59, 3, 28, 14, 56, 87, 88, 11, 88, 101, 45, 26, 63, 55, 26, 11, 46, 21, 99, 59]), array('b', [45, 59, 4, 73, 14, 66, 87, 88, 11, 88, 101, 26, 45, 63, 55, 56, 11, 46, 26, 99, 59]), array('b', [21, 73, 4, 14, 39, 59, 87, 88, 88, 88, 107, 45, 66, 63, 55, 56, 11, 46, 26, 99, 59]), array('b', [26, 59, 4, 73, 14, 66, 87, 88, 11, 88, 101, 45, 66, 63, 46, 56, 11, 55, 4, 88, 59])]
------------------------------
Generation 10 statistics
          Min: 30225.0
          Max: 54362.0
          Avg: 36708.68
          Std: 6101.037346025665
  Improvement: 16.431652289316524
------------------------------
Selected individuals:
[array('b', [26, 59, 3, 11, 14, 56, 87, 88, 28, 88, 101, 45, 45, 63, 66, 56, 11, 46, 4, 88, 59]), array('b', [26, 59, 4, 14, 39, 59, 87, 88, 88, 88, 107, 45, 45, 63, 66, 56, 11, 46, 4, 88, 59]), array('b', [45, 59, 4, 73, 14, 55, 87, 88, 11, 88, 101, 45, 45, 63, 66, 56, 11, 46, 4, 99, 59]), array('b', [45, 59, 4, 73, 14, 55, 87, 88, 11, 88, 101, 45, 45, 63, 66, 56, 11, 46, 4, 99, 59]), array('b', [21, 59, 3, 28, 14, 56, 87, 88, 88, 88, 107, 45, 66, 63, 55, 56, 11, 46, 26, 99, 59])]
67034.0
[37, 26]
Timtestep: 2
------------------------------
Generation 1 statistics
          Min: 39971.0
          Max: 65710.0
          Avg: 52532.78
          Std: 6077.5523240528555
  Improvement: 0.0
------------------------------
Selected individuals:
[array('b', [31, 20, 106, 97, 113, 26, 90, 96, 32, 35, 104, 85, 104, 70, 49, 33, 32, 18, 85, 118, 101]), array('b', [98, 32, 115, 52, 32, 52, 80, 39, 23, 6, 109, 35, 59, 3, 107, 39, 19, 20, 105, 31, 102]), array('b', [112, 12, 55, 5, 83, 53, 93, 88, 86, 75, 52, 77, 84, 2, 3, 68, 37, 8, 36, 7, 9]), array('b', [75, 95, 101, 1, 78, 55, 49, 52, 66, 32, 20, 44, 58, 75, 73, 119, 26, 119, 55, 3, 101]), array('b', [115, 51, 8, 6, 48, 112, 23, 44, 24, 63, 107, 44, 32, 52, 44, 32, 56, 70, 118, 11, 83])]
------------------------------
Generation 2 statistics
          Min: 40169.0
          Max: 60008.0
          Avg: 46450.72
          Std: 4640.11786074449
  Improvement: -0.4953591353731455
------------------------------
Selected individuals:
[array('b', [31, 20, 115, 52, 32, 52, 80, 39, 23, 6, 109, 35, 59, 3, 107, 39, 19, 20, 105, 31, 102]), array('b', [115, 51, 8, 6, 48, 63, 23, 44, 24, 112, 107, 44, 32, 52, 49, 33, 32, 18, 118, 11, 83]), array('b', [112, 12, 52, 5, 83, 53, 93, 75, 86, 88, 33, 77, 84, 2, 3, 55, 32, 18, 36, 7, 9]), array('b', [31, 96, 106, 70, 113, 26, 90, 20, 32, 32, 104, 85, 104, 97, 44, 35, 56, 70, 85, 118, 101]), array('b', [75, 95, 101, 1, 78, 55, 49, 52, 66, 32, 20, 44, 58, 70, 49, 33, 26, 119, 55, 3, 101])]
------------------------------
Generation 3 statistics
          Min: 39530.0
          Max: 61570.0
          Avg: 46118.3
          Std: 5809.023006495971
  Improvement: 1.1032998924220059
------------------------------
Selected individuals:
[array('b', [75, 95, 101, 1, 78, 55, 49, 52, 66, 32, 70, 33, 58, 77, 49, 33, 26, 119, 55, 3, 101]), array('b', [115, 20, 115, 52, 32, 52, 80, 20, 23, 6, 109, 35, 59, 3, 107, 39, 19, 39, 118, 11, 83]), array('b', [31, 20, 39, 52, 32, 52, 80, 115, 23, 6, 109, 35, 59, 3, 107, 39, 19, 20, 105, 31, 102]), array('b', [107, 20, 115, 52, 83, 52, 80, 39, 23, 6, 109, 35, 59, 3, 31, 39, 19, 20, 105, 31, 102]), array('b', [112, 32, 52, 52, 39, 52, 80, 32, 23, 109, 6, 35, 59, 3, 107, 39, 12, 18, 36, 7, 9])]
------------------------------
Generation 4 statistics
          Min: 38881.0
          Max: 62349.0
          Avg: 43936.08
          Std: 5048.43917202137
  Improvement: 2.7269770583673165
------------------------------
Selected individuals:
[array('b', [31, 20, 39, 52, 32, 52, 80, 115, 23, 109, 6, 35, 59, 3, 107, 39, 12, 18, 36, 31, 102]), array('b', [112, 32, 52, 52, 39, 52, 39, 6, 23, 32, 109, 35, 59, 3, 107, 80, 19, 20, 105, 7, 9]), array('b', [115, 20, 39, 52, 32, 52, 80, 115, 23, 6, 107, 35, 59, 3, 109, 39, 19, 39, 118, 11, 83]), array('b', [77, 95, 101, 1, 78, 55, 49, 52, 55, 32, 70, 58, 33, 75, 49, 39, 19, 101, 66, 3, 119]), array('b', [31, 20, 39, 52, 6, 52, 80, 115, 23, 32, 109, 35, 59, 3, 107, 39, 20, 19, 105, 31, 102])]
------------------------------
Generation 5 statistics
          Min: 35846.0
          Max: 61398.0
          Avg: 43606.9
          Std: 5188.5987559263
  Improvement: 10.319981986940531
------------------------------
Selected individuals:
[array('b', [31, 20, 39, 59, 32, 80, 52, 115, 23, 109, 18, 35, 52, 3, 107, 6, 12, 39, 36, 31, 102]), array('b', [31, 20, 39, 52, 32, 52, 80, 115, 3, 109, 6, 35, 59, 23, 107, 80, 19, 20, 36, 31, 102]), array('b', [31, 20, 39, 52, 32, 52, 39, 6, 23, 32, 109, 35, 59, 3, 107, 80, 12, 18, 36, 31, 102]), array('b', [112, 32, 52, 52, 39, 52, 32, 6, 23, 39, 109, 35, 59, 3, 107, 80, 19, 20, 105, 7, 9]), array('b', [115, 20, 39, 52, 32, 52, 80, 115, 23, 6, 107, 35, 59, 3, 109, 39, 19, 39, 118, 11, 83])]
------------------------------
Generation 6 statistics
          Min: 36522.0
          Max: 59532.0
          Avg: 42908.84
          Std: 5233.593180062855
  Improvement: 8.628755847989792
------------------------------
Selected individuals:
[array('b', [31, 20, 39, 80, 32, 59, 52, 115, 23, 109, 18, 35, 52, 3, 107, 80, 12, 39, 36, 31, 102]), array('b', [3, 52, 59, 52, 32, 6, 39, 6, 31, 109, 20, 35, 19, 23, 107, 80, 39, 20, 36, 31, 102]), array('b', [31, 20, 39, 59, 31, 80, 52, 115, 23, 109, 6, 35, 59, 23, 107, 80, 19, 20, 36, 32, 102]), array('b', [115, 23, 6, 52, 32, 52, 32, 39, 20, 39, 109, 35, 59, 3, 107, 80, 19, 20, 105, 7, 83]), array('b', [109, 20, 39, 52, 32, 52, 7, 6, 23, 39, 112, 35, 59, 3, 107, 80, 19, 20, 9, 32, 105])]
------------------------------
Generation 7 statistics
          Min: 36274.0
          Max: 59913.0
          Avg: 42174.14
          Std: 5709.2257408864125
  Improvement: 9.249205674113732
------------------------------
Selected individuals:
[array('b', [3, 20, 39, 80, 32, 59, 52, 6, 31, 109, 20, 35, 19, 23, 107, 80, 39, 20, 36, 31, 102]), array('b', [39, 20, 39, 52, 32, 31, 39, 6, 12, 109, 20, 35, 19, 23, 107, 80, 6, 31, 36, 31, 102]), array('b', [109, 20, 39, 52, 32, 6, 39, 6, 31, 109, 20, 35, 59, 3, 107, 80, 19, 20, 9, 32, 105]), array('b', [31, 20, 39, 80, 32, 59, 52, 32, 23, 109, 18, 35, 52, 19, 107, 80, 23, 20, 36, 115, 102]), array('b', [31, 20, 39, 80, 32, 23, 52, 115, 59, 109, 18, 35, 52, 3, 107, 80, 12, 39, 36, 31, 102])]
------------------------------
Generation 8 statistics
          Min: 35969.0
          Max: 58782.0
          Avg: 41283.9
          Std: 4856.089168250516
  Improvement: 10.012258887693578
------------------------------
Selected individuals:
[array('b', [39, 20, 39, 80, 32, 31, 39, 6, 12, 107, 20, 35, 19, 23, 109, 80, 6, 31, 36, 31, 102]), array('b', [31, 20, 39, 52, 32, 6, 39, 6, 31, 109, 20, 35, 59, 3, 107, 80, 20, 23, 36, 115, 102]), array('b', [39, 20, 39, 52, 32, 19, 20, 6, 31, 109, 39, 35, 31, 23, 107, 80, 39, 20, 36, 31, 102]), array('b', [31, 20, 39, 80, 32, 59, 52, 6, 31, 109, 20, 35, 19, 23, 107, 80, 39, 20, 36, 31, 102]), array('b', [109, 20, 39, 52, 32, 59, 52, 6, 31, 109, 20, 35, 19, 9, 107, 80, 39, 20, 23, 32, 105])]
------------------------------
Generation 9 statistics
          Min: 35017.0
          Max: 59017.0
          Avg: 41211.98
          Std: 5604.606578485219
  Improvement: 12.393985639588703
------------------------------
Selected individuals:
[array('b', [39, 20, 39, 80, 32, 31, 39, 6, 12, 107, 20, 35, 19, 23, 109, 80, 20, 23, 36, 115, 102]), array('b', [31, 20, 39, 52, 32, 6, 6, 39, 31, 109, 20, 35, 19, 23, 107, 80, 20, 23, 36, 115, 102]), array('b', [39, 20, 39, 52, 32, 6, 39, 6, 31, 109, 20, 35, 19, 9, 107, 80, 31, 20, 23, 32, 105]), array('b', [109, 20, 39, 80, 32, 31, 39, 6, 12, 107, 23, 35, 19, 20, 109, 80, 6, 31, 36, 31, 102]), array('b', [31, 20, 36, 80, 32, 59, 39, 6, 31, 109, 20, 35, 19, 23, 107, 80, 39, 39, 20, 31, 102])]
------------------------------
Generation 10 statistics
          Min: 34353.0
          Max: 59249.0
          Avg: 40481.82
          Std: 6153.240663877868
  Improvement: 14.055190012759251
------------------------------
Selected individuals:
[array('b', [39, 20, 36, 80, 32, 31, 39, 6, 12, 107, 20, 35, 19, 23, 109, 102, 20, 23, 36, 115, 80]), array('b', [39, 20, 39, 52, 32, 6, 39, 6, 12, 107, 20, 35, 19, 23, 109, 80, 20, 20, 23, 32, 105]), array('b', [39, 20, 39, 80, 36, 31, 39, 6, 12, 107, 20, 35, 19, 23, 109, 80, 20, 23, 32, 115, 102]), array('b', [39, 20, 39, 80, 32, 31, 39, 6, 12, 107, 20, 35, 19, 23, 109, 80, 20, 23, 36, 115, 102]), array('b', [109, 20, 39, 80, 32, 31, 39, 80, 12, 107, 20, 35, 19, 23, 109, 6, 20, 23, 36, 115, 102])]
101387.0
[37, 26, 39]
Timtestep: 3
------------------------------
Generation 1 statistics
          Min: 46654.0
          Max: 62071.0
          Avg: 52677.74
          Std: 3427.129147318493
  Improvement: 0.0
------------------------------
Selected individuals:
[array('b', [106, 67, 73, 52, 75, 9, 116, 81, 80, 28, 15, 18, 29, 71, 72, 78, 91, 14, 44, 27, 19]), array('b', [100, 48, 51, 17, 99, 95, 107, 77, 27, 71, 88, 5, 13, 51, 71, 71, 87, 48, 45, 76, 54]), array('b', [16, 93, 53, 74, 65, 36, 118, 52, 35, 50, 85, 86, 104, 18, 100, 89, 94, 118, 104, 61, 59]), array('b', [46, 29, 99, 51, 57, 41, 31, 111, 58, 72, 109, 43, 18, 53, 99, 111, 61, 30, 50, 66, 12]), array('b', [79, 32, 13, 62, 34, 20, 52, 13, 18, 94, 75, 34, 32, 10, 91, 100, 3, 38, 80, 66, 41])]
------------------------------
Generation 2 statistics
          Min: 43660.0
          Max: 61634.0
          Avg: 50757.76
          Std: 4733.4448747608285
  Improvement: 6.417456166673811
------------------------------
Selected individuals:
[array('b', [46, 29, 99, 51, 57, 41, 31, 18, 72, 58, 109, 94, 111, 18, 100, 89, 43, 30, 50, 66, 12]), array('b', [106, 67, 73, 52, 75, 95, 107, 77, 27, 71, 88, 5, 13, 51, 71, 71, 87, 48, 45, 76, 54]), array('b', [66, 12, 24, 26, 28, 26, 37, 39, 105, 103, 10, 77, 80, 108, 53, 108, 0, 23, 54, 23, 48]), array('b', [116, 67, 73, 52, 75, 19, 106, 81, 80, 28, 15, 18, 29, 71, 72, 78, 3, 38, 80, 27, 9]), array('b', [106, 52, 73, 67, 75, 9, 116, 111, 58, 72, 109, 43, 18, 53, 72, 78, 91, 14, 44, 27, 19])]
------------------------------
Generation 3 statistics
          Min: 42754.0
          Max: 60743.0
          Avg: 49540.74
          Std: 4379.990592729687
  Improvement: 8.359411840356668
------------------------------
Selected individuals:
[array('b', [46, 29, 99, 51, 57, 41, 31, 18, 72, 58, 109, 5, 13, 18, 100, 89, 43, 30, 50, 66, 12]), array('b', [15, 29, 73, 52, 75, 19, 106, 81, 80, 28, 46, 94, 111, 18, 100, 89, 43, 30, 50, 66, 12]), array('b', [30, 12, 29, 51, 41, 57, 31, 99, 72, 58, 109, 94, 111, 18, 100, 89, 43, 46, 50, 66, 18]), array('b', [48, 67, 106, 52, 75, 9, 111, 116, 58, 72, 109, 5, 13, 73, 71, 71, 87, 51, 45, 76, 54]), array('b', [46, 29, 99, 51, 57, 41, 31, 18, 72, 58, 109, 94, 111, 18, 108, 100, 0, 23, 54, 23, 12])]
------------------------------
Generation 4 statistics
          Min: 42169.0
          Max: 63099.0
          Avg: 49270.7
          Std: 5305.963050191769
  Improvement: 9.613323616410169
------------------------------
Selected individuals:
[array('b', [46, 29, 99, 54, 51, 41, 31, 18, 72, 58, 109, 5, 13, 18, 100, 89, 43, 23, 57, 23, 12]), array('b', [15, 29, 73, 52, 28, 57, 31, 81, 80, 41, 46, 94, 111, 18, 100, 89, 43, 30, 50, 66, 12]), array('b', [15, 29, 73, 52, 75, 19, 106, 81, 80, 28, 46, 94, 111, 18, 100, 89, 43, 30, 50, 66, 12]), array('b', [30, 12, 29, 51, 41, 57, 31, 66, 72, 18, 109, 99, 111, 18, 100, 100, 43, 46, 50, 94, 58]), array('b', [30, 12, 29, 51, 66, 57, 106, 81, 80, 28, 46, 94, 111, 18, 100, 89, 43, 46, 50, 41, 18])]
------------------------------
Generation 5 statistics
          Min: 41554.0
          Max: 58602.0
          Avg: 47259.64
          Std: 4634.352083128782
  Improvement: 10.931538560466413
------------------------------
Selected individuals:
[array('b', [30, 46, 73, 52, 28, 81, 31, 57, 80, 41, 46, 94, 111, 18, 100, 89, 43, 12, 50, 41, 18]), array('b', [46, 29, 99, 54, 51, 41, 31, 18, 80, 28, 109, 5, 13, 18, 100, 89, 43, 23, 57, 23, 12]), array('b', [15, 29, 73, 52, 75, 19, 106, 81, 72, 58, 50, 94, 111, 18, 100, 89, 43, 30, 46, 66, 12]), array('b', [46, 29, 99, 54, 51, 41, 23, 18, 72, 58, 109, 5, 13, 18, 100, 89, 43, 31, 57, 23, 12]), array('b', [15, 29, 73, 52, 28, 57, 31, 81, 89, 50, 46, 94, 111, 18, 100, 80, 43, 30, 41, 66, 12])]
------------------------------
Generation 6 statistics
          Min: 41475.0
          Max: 59811.0
          Avg: 46470.12
          Std: 4763.4621007834
  Improvement: 11.10087023620697
------------------------------
Selected individuals:
[array('b', [30, 46, 73, 54, 51, 50, 23, 57, 80, 41, 46, 94, 111, 18, 100, 89, 43, 12, 41, 41, 18]), array('b', [30, 46, 73, 52, 28, 81, 31, 57, 80, 50, 46, 94, 111, 18, 100, 89, 43, 12, 50, 41, 18]), array('b', [18, 29, 99, 46, 51, 41, 23, 54, 72, 58, 109, 5, 13, 18, 100, 89, 43, 12, 57, 23, 12]), array('b', [46, 29, 28, 52, 99, 58, 31, 18, 72, 81, 109, 5, 13, 18, 100, 89, 43, 23, 57, 31, 12]), array('b', [15, 29, 73, 52, 75, 19, 106, 81, 72, 58, 50, 94, 111, 18, 100, 89, 43, 30, 46, 66, 12])]
------------------------------
Generation 7 statistics
          Min: 40956.0
          Max: 57690.0
          Avg: 46211.14
          Std: 4476.918976305026
  Improvement: 12.213315042654434
------------------------------
Selected individuals:
[array('b', [46, 29, 18, 52, 50, 58, 31, 57, 80, 50, 46, 94, 111, 18, 100, 89, 43, 12, 99, 41, 28]), array('b', [15, 29, 73, 52, 75, 81, 106, 19, 72, 58, 50, 94, 111, 18, 100, 89, 43, 12, 41, 41, 18]), array('b', [30, 46, 73, 52, 28, 81, 31, 57, 80, 41, 46, 94, 111, 18, 100, 89, 43, 12, 50, 41, 18]), array('b', [46, 29, 28, 52, 99, 58, 31, 18, 72, 58, 109, 5, 13, 18, 100, 89, 43, 23, 57, 31, 12]), array('b', [30, 46, 73, 43, 51, 50, 106, 81, 72, 58, 50, 94, 111, 18, 100, 89, 54, 12, 41, 41, 18])]
------------------------------
Generation 8 statistics
          Min: 40921.0
          Max: 57208.0
          Avg: 46330.9
          Std: 4557.365099484554
  Improvement: 12.288335405324302
------------------------------
Selected individuals:
[array('b', [30, 46, 73, 50, 51, 81, 31, 57, 80, 41, 46, 94, 111, 18, 100, 89, 43, 12, 43, 41, 18]), array('b', [46, 29, 18, 52, 50, 58, 31, 57, 80, 50, 46, 94, 111, 18, 100, 89, 43, 12, 99, 41, 28]), array('b', [30, 46, 72, 52, 99, 58, 31, 18, 73, 58, 50, 94, 111, 18, 100, 89, 54, 12, 41, 41, 18]), array('b', [15, 29, 73, 52, 75, 81, 106, 19, 58, 72, 50, 94, 111, 18, 100, 89, 43, 12, 41, 41, 18]), array('b', [15, 31, 73, 52, 28, 81, 46, 57, 80, 41, 46, 94, 111, 18, 100, 89, 41, 12, 43, 41, 18])]
------------------------------
Generation 9 statistics
          Min: 40963.0
          Max: 57524.0
          Avg: 46337.06
          Std: 4546.617219032214
  Improvement: 12.198310970120462
------------------------------
Selected individuals:
[array('b', [46, 29, 18, 52, 50, 81, 46, 57, 80, 50, 46, 94, 111, 18, 100, 89, 43, 12, 99, 41, 28]), array('b', [30, 46, 72, 52, 99, 18, 31, 58, 73, 58, 50, 94, 111, 18, 100, 89, 41, 12, 43, 41, 18]), array('b', [30, 54, 72, 52, 99, 81, 31, 18, 73, 58, 50, 94, 111, 18, 100, 89, 46, 41, 12, 41, 18]), array('b', [15, 29, 18, 52, 50, 58, 31, 57, 80, 50, 46, 94, 111, 18, 100, 89, 43, 12, 41, 41, 18]), array('b', [43, 50, 73, 29, 51, 81, 31, 41, 80, 41, 46, 94, 111, 12, 100, 89, 46, 18, 99, 57, 28])]
------------------------------
Generation 10 statistics
          Min: 40963.0
          Max: 59505.0
          Avg: 46061.62
          Std: 5315.111035114875
  Improvement: 12.198310970120462
------------------------------
Selected individuals:
[array('b', [46, 29, 18, 52, 50, 81, 46, 57, 80, 50, 46, 94, 111, 18, 100, 89, 43, 12, 99, 41, 28]), array('b', [15, 29, 18, 52, 50, 81, 46, 57, 80, 50, 46, 94, 111, 18, 100, 89, 43, 12, 99, 41, 18]), array('b', [30, 54, 72, 52, 50, 81, 31, 18, 73, 58, 46, 94, 111, 18, 100, 89, 50, 41, 12, 41, 18]), array('b', [15, 29, 18, 52, 41, 58, 31, 57, 50, 50, 46, 94, 111, 18, 100, 89, 43, 12, 80, 41, 18]), array('b', [30, 50, 72, 52, 99, 81, 31, 18, 73, 58, 54, 94, 111, 18, 100, 89, 46, 41, 12, 41, 18])]
142350.0
[37, 26, 39, 46]
142350.0
[37, 26, 39, 46]
Traceback (most recent call last):
  File "C:\Users\alok\Downloads\projects\project\traffic-signal-optimization\genetic%20algorithm\experiment 3.py", line 58, in <module>
    print(controller.run2())
  File "C:\Users\alok\Downloads\projects\project\traffic-signal-optimization\genetic%20algorithm\experiment 3.py", line 37, in run2
    return ((worstFitness-bestFitness)/worstFitness)*100
NameError: name 'worstFitness' is not defined
>>> 