Python 3.6.5 (v3.6.5:f59c0932b4, Mar 28 2018, 17:00:18) [MSC v.1900 64 bit (AMD64)] on win32
Type "copyright", "credits" or "license()" for more information.
>>> 
 RESTART: C:\Users\alok\Downloads\projects\project\traffic-signal-optimization\genetic%20algorithm\experiment 3.py 
Timtestep: 0
------------------------------
Generation 1 statistics
          Min: 16929.0
          Max: 22345.0
          Avg: 19560.88
          Std: 984.8679838435064
  Improvement: 0.0
------------------------------
Selected individuals:
[array('b', [35, 42, 74, 14, 77, 14, 2, 102, 1, 20, 102, 22, 27, 60, 116, 97, 111, 96, 94, 90, 74]), array('b', [23, 33, 114, 117, 58, 66, 29, 75, 83, 112, 99, 59, 39, 38, 108, 10, 77, 92, 90, 72, 22]), array('b', [28, 94, 71, 31, 62, 44, 98, 76, 113, 15, 31, 9, 82, 95, 75, 80, 73, 90, 106, 108, 87]), array('b', [47, 78, 22, 71, 101, 41, 0, 52, 13, 12, 19, 116, 24, 87, 38, 50, 76, 41, 108, 102, 58]), array('b', [118, 29, 30, 69, 20, 11, 79, 28, 99, 50, 61, 71, 77, 50, 38, 32, 7, 9, 10, 35, 34])]
------------------------------
Generation 2 statistics
          Min: 17163.0
          Max: 20198.0
          Avg: 18681.78
          Std: 814.700197373275
  Improvement: -1.3822434875066454
------------------------------
Selected individuals:
[array('b', [39, 42, 74, 14, 77, 14, 29, 74, 83, 112, 99, 59, 35, 94, 116, 97, 111, 96, 38, 90, 75]), array('b', [23, 33, 71, 31, 62, 44, 108, 99, 83, 112, 76, 59, 39, 38, 98, 10, 77, 90, 92, 72, 22]), array('b', [28, 94, 90, 31, 62, 44, 87, 52, 13, 12, 19, 116, 82, 95, 75, 80, 73, 0, 106, 108, 71]), array('b', [28, 94, 71, 31, 62, 44, 29, 75, 83, 112, 99, 59, 82, 95, 75, 80, 73, 90, 106, 108, 87]), array('b', [35, 2, 74, 14, 77, 14, 42, 102, 90, 20, 102, 22, 27, 38, 108, 10, 111, 96, 94, 1, 74])]
------------------------------
Generation 3 statistics
          Min: 16878.0
          Max: 21207.0
          Avg: 18265.46
          Std: 890.8773475625142
  Improvement: 0.3012581959950381
------------------------------
Selected individuals:
[array('b', [28, 82, 71, 31, 62, 44, 29, 75, 83, 112, 99, 59, 94, 80, 75, 95, 111, 96, 106, 108, 87]), array('b', [39, 39, 74, 14, 77, 14, 29, 99, 83, 112, 76, 59, 42, 38, 98, 10, 77, 90, 92, 72, 22]), array('b', [39, 42, 74, 14, 77, 14, 42, 102, 90, 20, 102, 22, 27, 38, 75, 10, 111, 96, 38, 90, 108]), array('b', [44, 99, 71, 112, 62, 39, 108, 99, 83, 31, 38, 59, 35, 94, 116, 97, 111, 96, 42, 90, 75]), array('b', [39, 42, 74, 14, 77, 14, 29, 74, 83, 112, 99, 59, 82, 95, 75, 80, 111, 96, 38, 90, 75])]
------------------------------
Generation 4 statistics
          Min: 16005.0
          Max: 19735.0
          Avg: 17962.46
          Std: 911.8569670732509
  Improvement: 5.458089668615984
------------------------------
Selected individuals:
[array('b', [44, 99, 96, 14, 77, 14, 82, 74, 83, 112, 71, 59, 29, 95, 75, 97, 111, 99, 42, 90, 75]), array('b', [28, 82, 71, 31, 62, 44, 29, 75, 83, 112, 99, 59, 94, 80, 75, 95, 111, 96, 42, 90, 87]), array('b', [39, 42, 74, 14, 77, 14, 42, 102, 90, 20, 102, 27, 22, 108, 98, 10, 77, 90, 92, 90, 38]), array('b', [39, 39, 74, 14, 77, 14, 29, 99, 72, 112, 76, 59, 42, 38, 98, 10, 77, 90, 92, 83, 22]), array('b', [39, 39, 74, 14, 77, 14, 29, 99, 83, 112, 76, 80, 82, 95, 75, 59, 111, 96, 38, 90, 75])]
------------------------------
Generation 5 statistics
          Min: 15835.0
          Max: 20687.0
          Avg: 17691.24
          Std: 980.7947503937584
  Improvement: 6.462283655266112
------------------------------
Selected individuals:
[array('b', [28, 82, 71, 31, 62, 44, 29, 75, 83, 112, 71, 59, 29, 95, 75, 97, 111, 99, 42, 90, 87]), array('b', [44, 99, 95, 14, 77, 14, 82, 74, 83, 112, 71, 59, 29, 96, 75, 97, 111, 99, 42, 90, 75]), array('b', [28, 74, 82, 14, 77, 14, 29, 99, 87, 112, 76, 80, 82, 95, 75, 59, 111, 83, 38, 90, 96]), array('b', [44, 99, 96, 14, 77, 14, 82, 74, 83, 112, 76, 80, 82, 95, 75, 59, 111, 96, 38, 90, 75]), array('b', [28, 82, 71, 31, 62, 44, 29, 75, 83, 112, 99, 59, 94, 80, 75, 95, 111, 96, 42, 90, 87])]
------------------------------
Generation 6 statistics
          Min: 15796.0
          Max: 20023.0
          Avg: 17148.72
          Std: 1038.980443319306
  Improvement: 6.692657569850552
------------------------------
Selected individuals:
[array('b', [28, 82, 71, 31, 62, 59, 29, 75, 83, 112, 71, 44, 29, 95, 75, 97, 111, 99, 42, 90, 87]), array('b', [44, 99, 95, 14, 77, 14, 82, 74, 83, 112, 71, 59, 29, 96, 75, 97, 111, 99, 42, 90, 75]), array('b', [83, 82, 71, 14, 77, 44, 29, 75, 28, 112, 71, 59, 29, 95, 75, 90, 111, 99, 42, 97, 87]), array('b', [28, 82, 82, 31, 62, 94, 42, 74, 59, 112, 99, 83, 44, 80, 75, 95, 111, 96, 71, 90, 87]), array('b', [28, 74, 82, 14, 77, 14, 29, 74, 83, 112, 76, 80, 82, 95, 75, 59, 111, 83, 38, 90, 96])]
------------------------------
Generation 7 statistics
          Min: 15781.0
          Max: 21367.0
          Avg: 17212.04
          Std: 1159.7673725364011
  Improvement: 6.7812629216137985
------------------------------
Selected individuals:
[array('b', [28, 83, 71, 31, 62, 59, 29, 75, 82, 112, 71, 44, 29, 95, 75, 97, 111, 99, 42, 90, 87]), array('b', [28, 82, 71, 31, 62, 59, 29, 75, 83, 112, 71, 44, 29, 95, 75, 95, 111, 99, 42, 90, 87]), array('b', [44, 99, 95, 112, 82, 14, 77, 75, 83, 14, 71, 44, 29, 95, 75, 97, 111, 99, 42, 90, 75]), array('b', [83, 82, 71, 14, 77, 44, 29, 75, 28, 112, 71, 59, 29, 95, 75, 90, 111, 99, 42, 97, 87]), array('b', [28, 82, 82, 31, 62, 94, 42, 74, 59, 112, 99, 83, 44, 80, 75, 97, 111, 96, 71, 90, 87])]
------------------------------
Generation 8 statistics
          Min: 15123.0
          Max: 21123.0
          Avg: 17091.68
          Std: 1312.2063624293173
  Improvement: 10.668084352294878
------------------------------
Selected individuals:
[array('b', [44, 99, 95, 112, 42, 59, 29, 75, 83, 112, 71, 44, 29, 95, 75, 99, 111, 95, 62, 90, 75]), array('b', [28, 83, 95, 112, 82, 14, 77, 75, 83, 14, 71, 44, 29, 95, 75, 97, 111, 99, 42, 90, 87]), array('b', [28, 82, 71, 14, 77, 44, 29, 75, 82, 112, 71, 44, 29, 95, 75, 97, 111, 99, 42, 90, 87]), array('b', [44, 99, 95, 112, 82, 14, 77, 75, 28, 112, 71, 59, 29, 111, 75, 90, 95, 99, 42, 90, 75]), array('b', [28, 82, 82, 14, 77, 44, 29, 74, 59, 112, 99, 83, 44, 80, 75, 97, 111, 96, 71, 90, 87])]
------------------------------
Generation 9 statistics
          Min: 15119.0
          Max: 20588.0
          Avg: 16916.32
          Std: 1365.0322258466936
  Improvement: 10.69171244609841
------------------------------
Selected individuals:
[array('b', [28, 83, 95, 112, 82, 44, 29, 74, 59, 112, 71, 44, 29, 95, 75, 97, 111, 99, 42, 90, 87]), array('b', [44, 99, 112, 112, 42, 59, 29, 75, 83, 95, 71, 44, 29, 95, 75, 99, 111, 96, 62, 90, 75]), array('b', [44, 99, 95, 112, 42, 59, 29, 75, 83, 75, 71, 44, 29, 111, 112, 90, 95, 99, 42, 90, 75]), array('b', [28, 83, 111, 112, 82, 14, 77, 75, 83, 112, 71, 44, 29, 95, 75, 97, 95, 99, 42, 90, 87]), array('b', [28, 82, 82, 14, 77, 44, 29, 112, 82, 75, 71, 44, 29, 95, 75, 97, 111, 99, 42, 90, 87])]
------------------------------
Generation 10 statistics
          Min: 15043.0
          Max: 19929.0
          Avg: 17021.64
          Std: 1233.2620769325677
  Improvement: 11.140646228365526
------------------------------
Selected individuals:
[array('b', [44, 99, 95, 112, 42, 59, 29, 75, 83, 95, 71, 44, 29, 95, 75, 99, 111, 96, 62, 90, 75]), array('b', [28, 97, 95, 112, 82, 44, 29, 74, 59, 112, 71, 44, 29, 95, 75, 83, 111, 99, 42, 90, 87]), array('b', [44, 99, 112, 112, 42, 59, 29, 112, 75, 75, 71, 44, 29, 95, 82, 99, 111, 96, 62, 90, 75]), array('b', [44, 99, 95, 112, 42, 59, 29, 75, 83, 75, 71, 44, 29, 111, 112, 90, 95, 99, 42, 90, 87]), array('b', [44, 75, 112, 112, 42, 59, 29, 99, 83, 95, 71, 44, 29, 95, 95, 97, 75, 99, 42, 90, 75])]
15043.0
[44]
Timtestep: 1

Warning (from warnings module):
  File "C:\Users\alok\AppData\Local\Programs\Python\Python36\lib\site-packages\deap\creator.py", line 141
    RuntimeWarning)
RuntimeWarning: A class named 'FitnessMin' has already been created and it will be overwritten. Consider deleting previous creation of that class or rename it.

Warning (from warnings module):
  File "C:\Users\alok\AppData\Local\Programs\Python\Python36\lib\site-packages\deap\creator.py", line 141
    RuntimeWarning)
RuntimeWarning: A class named 'Individual' has already been created and it will be overwritten. Consider deleting previous creation of that class or rename it.
------------------------------
Generation 1 statistics
          Min: 15624.0
          Max: 21118.0
          Avg: 18529.52
          Std: 1180.1257600781348
  Improvement: 0.0
------------------------------
Selected individuals:
[array('b', [83, 77, 105, 108, 88, 45, 21, 105, 94, 70, 46, 103, 109, 76, 84, 112, 25, 98, 98, 22, 51]), array('b', [48, 53, 53, 77, 60, 5, 25, 62, 72, 2, 5, 47, 42, 33, 98, 96, 8, 28, 87, 19, 115]), array('b', [28, 51, 63, 17, 92, 52, 62, 118, 80, 29, 97, 13, 69, 64, 52, 108, 37, 75, 99, 18, 11]), array('b', [84, 99, 45, 52, 36, 103, 81, 102, 83, 69, 117, 70, 103, 13, 93, 49, 54, 108, 12, 43, 43]), array('b', [32, 38, 57, 13, 73, 85, 42, 70, 79, 55, 10, 119, 107, 108, 88, 103, 80, 117, 14, 95, 98])]
------------------------------
Generation 2 statistics
          Min: 15691.0
          Max: 20920.0
          Avg: 17553.38
          Std: 1200.6228365310953
  Improvement: -0.42882744495647723
------------------------------
Selected individuals:
[array('b', [83, 77, 105, 98, 88, 45, 21, 105, 94, 70, 46, 76, 84, 103, 109, 112, 22, 98, 98, 25, 108]), array('b', [83, 77, 105, 108, 88, 45, 21, 105, 94, 70, 46, 103, 109, 76, 98, 112, 25, 84, 98, 22, 51]), array('b', [2, 99, 45, 77, 60, 5, 25, 62, 72, 84, 5, 47, 42, 33, 98, 96, 8, 28, 87, 19, 115]), array('b', [57, 77, 10, 13, 108, 85, 42, 70, 79, 55, 83, 117, 107, 22, 88, 103, 80, 119, 98, 73, 51]), array('b', [69, 51, 63, 17, 92, 52, 62, 118, 80, 29, 97, 13, 28, 64, 52, 108, 37, 75, 99, 18, 11])]
------------------------------
Generation 3 statistics
          Min: 15261.0
          Max: 19995.0
          Avg: 16944.38
          Std: 1008.4990806143361
  Improvement: 2.323348694316436
------------------------------
Selected individuals:
[array('b', [83, 77, 105, 108, 88, 25, 21, 51, 94, 70, 46, 103, 109, 76, 98, 112, 98, 84, 45, 22, 105]), array('b', [94, 77, 105, 108, 76, 45, 21, 105, 83, 70, 46, 76, 84, 88, 98, 112, 25, 84, 98, 22, 51]), array('b', [2, 99, 45, 77, 60, 5, 25, 62, 72, 42, 5, 47, 33, 84, 98, 96, 8, 28, 87, 115, 19]), array('b', [83, 77, 105, 98, 88, 45, 21, 105, 94, 70, 46, 76, 84, 103, 109, 112, 22, 98, 98, 25, 108]), array('b', [57, 77, 10, 13, 88, 45, 42, 70, 79, 55, 83, 117, 107, 22, 88, 103, 80, 119, 98, 73, 51])]
------------------------------
Generation 4 statistics
          Min: 14676.0
          Max: 19661.0
          Avg: 16589.58
          Std: 1128.717415299304
  Improvement: 6.067588325652841
------------------------------
Selected individuals:
[array('b', [83, 77, 105, 108, 46, 45, 21, 51, 94, 70, 76, 103, 109, 76, 98, 112, 98, 84, 45, 22, 105]), array('b', [94, 77, 112, 108, 76, 5, 25, 62, 51, 70, 46, 76, 84, 88, 98, 105, 25, 84, 98, 22, 72]), array('b', [57, 77, 10, 13, 88, 45, 42, 70, 79, 55, 83, 117, 107, 22, 119, 103, 80, 88, 98, 73, 51]), array('b', [94, 77, 98, 108, 76, 45, 21, 105, 83, 70, 46, 76, 84, 88, 98, 112, 25, 84, 105, 22, 51]), array('b', [83, 77, 105, 108, 88, 25, 21, 51, 79, 55, 83, 103, 109, 76, 98, 112, 98, 84, 45, 22, 105])]
------------------------------
Generation 5 statistics
          Min: 14328.0
          Max: 20958.0
          Avg: 16120.72
          Std: 1551.1086620865865
  Improvement: 8.294930875576037
------------------------------
Selected individuals:
[array('b', [83, 77, 105, 108, 76, 45, 21, 105, 83, 70, 46, 76, 84, 88, 98, 112, 25, 84, 105, 22, 105]), array('b', [83, 77, 109, 108, 46, 45, 21, 51, 94, 70, 76, 105, 103, 76, 98, 112, 98, 88, 98, 73, 105]), array('b', [83, 77, 105, 108, 46, 45, 25, 62, 51, 70, 46, 76, 84, 88, 98, 112, 105, 84, 45, 22, 98]), array('b', [98, 77, 94, 108, 76, 45, 21, 105, 83, 70, 46, 76, 84, 88, 98, 112, 25, 84, 105, 22, 105]), array('b', [83, 77, 105, 108, 46, 45, 21, 51, 98, 70, 76, 103, 109, 76, 94, 112, 98, 84, 45, 22, 105])]
------------------------------
Generation 6 statistics
          Min: 14020.0
          Max: 19807.0
          Avg: 15597.06
          Std: 1283.4380765740163
  Improvement: 10.266257040450588
------------------------------
Selected individuals:
[array('b', [83, 77, 109, 108, 70, 45, 21, 51, 94, 46, 76, 105, 103, 76, 98, 112, 98, 88, 98, 73, 105]), array('b', [76, 77, 112, 108, 98, 45, 21, 105, 46, 70, 83, 76, 84, 88, 98, 94, 25, 84, 105, 22, 105]), array('b', [83, 77, 94, 108, 76, 45, 45, 105, 83, 70, 46, 76, 84, 88, 98, 112, 98, 84, 21, 22, 105]), array('b', [51, 76, 109, 108, 46, 45, 21, 51, 105, 70, 73, 105, 98, 76, 103, 112, 98, 88, 98, 77, 83]), array('b', [83, 77, 109, 108, 46, 22, 21, 76, 83, 70, 46, 105, 84, 88, 98, 112, 25, 84, 105, 45, 105])]
------------------------------
Generation 7 statistics
          Min: 13088.0
          Max: 19761.0
          Avg: 15569.04
          Std: 1628.3193170873933
  Improvement: 16.231438812083972
------------------------------
Selected individuals:
[array('b', [51, 76, 109, 108, 46, 45, 21, 51, 105, 70, 73, 76, 84, 88, 98, 112, 98, 84, 21, 77, 83]), array('b', [76, 77, 112, 108, 98, 45, 21, 51, 94, 46, 76, 105, 103, 88, 98, 94, 25, 84, 105, 22, 105]), array('b', [51, 76, 109, 108, 46, 45, 21, 51, 94, 46, 76, 105, 103, 76, 98, 112, 98, 88, 98, 77, 83]), array('b', [76, 77, 94, 108, 76, 105, 21, 105, 46, 70, 83, 76, 84, 88, 98, 94, 25, 84, 45, 22, 105]), array('b', [51, 76, 109, 108, 46, 51, 21, 45, 105, 70, 73, 105, 98, 76, 103, 112, 25, 84, 105, 22, 105])]
------------------------------
Generation 8 statistics
          Min: 13161.0
          Max: 20582.0
          Avg: 15972.78
          Std: 1930.3013991602393
  Improvement: 15.7642089093702
------------------------------
Selected individuals:
[array('b', [51, 76, 109, 108, 46, 45, 21, 51, 105, 70, 73, 76, 84, 77, 98, 112, 98, 84, 21, 88, 83]), array('b', [76, 77, 94, 108, 46, 45, 21, 51, 105, 70, 73, 76, 84, 88, 98, 94, 25, 84, 45, 22, 105]), array('b', [51, 76, 109, 108, 46, 51, 21, 45, 94, 46, 76, 105, 103, 76, 98, 112, 98, 88, 98, 77, 83]), array('b', [51, 76, 108, 109, 46, 45, 21, 51, 105, 46, 76, 105, 103, 76, 98, 98, 112, 88, 98, 77, 83]), array('b', [51, 76, 109, 108, 46, 45, 21, 51, 105, 70, 73, 76, 84, 88, 98, 112, 98, 84, 105, 77, 21])]
------------------------------
Generation 9 statistics
          Min: 13156.0
          Max: 21057.0
          Avg: 15272.9
          Std: 1851.3773062236685
  Improvement: 15.79621095750128
------------------------------
Selected individuals:
[array('b', [51, 76, 108, 109, 46, 45, 21, 51, 105, 70, 73, 76, 84, 77, 98, 112, 98, 84, 21, 88, 83]), array('b', [51, 76, 109, 108, 46, 45, 21, 51, 105, 70, 73, 76, 84, 77, 98, 112, 98, 84, 21, 88, 83]), array('b', [76, 77, 94, 108, 46, 45, 21, 51, 105, 84, 73, 76, 84, 88, 98, 94, 25, 70, 45, 22, 105]), array('b', [51, 76, 109, 108, 46, 45, 21, 51, 105, 70, 73, 98, 84, 88, 98, 112, 76, 84, 105, 77, 21]), array('b', [51, 76, 108, 109, 46, 45, 21, 51, 105, 94, 84, 76, 84, 88, 98, 70, 25, 73, 22, 45, 105])]
------------------------------
Generation 10 statistics
          Min: 12749.0
          Max: 20191.0
          Avg: 15126.74
          Std: 1655.3041510248272
  Improvement: 18.401177675371223
------------------------------
Selected individuals:
[array('b', [51, 76, 108, 109, 46, 45, 21, 51, 105, 84, 73, 76, 84, 88, 98, 94, 25, 73, 22, 45, 105]), array('b', [51, 76, 109, 108, 46, 45, 21, 77, 105, 70, 73, 98, 84, 88, 98, 94, 76, 84, 105, 51, 21]), array('b', [51, 76, 108, 109, 21, 45, 98, 51, 105, 94, 84, 76, 84, 88, 46, 70, 25, 73, 22, 45, 105]), array('b', [51, 76, 108, 109, 46, 45, 21, 51, 105, 70, 73, 76, 84, 77, 98, 112, 98, 84, 21, 88, 83]), array('b', [51, 88, 108, 109, 46, 45, 21, 51, 105, 84, 73, 76, 84, 88, 98, 112, 98, 83, 21, 76, 84])]
27792.0
[44, 51]
Timtestep: 2
------------------------------
Generation 1 statistics
          Min: 14706.0
          Max: 21985.0
          Avg: 18387.4
          Std: 1536.8528621829641
  Improvement: 0.0
------------------------------
Selected individuals:
[array('b', [25, 6, 51, 110, 20, 115, 49, 35, 71, 19, 51, 59, 53, 18, 6, 4, 28, 48, 89, 43, 40]), array('b', [41, 95, 22, 5, 51, 89, 101, 58, 0, 2, 115, 48, 33, 98, 110, 7, 29, 72, 112, 4, 6]), array('b', [40, 105, 38, 52, 39, 17, 8, 35, 92, 56, 112, 0, 110, 91, 104, 1, 100, 45, 9, 71, 33]), array('b', [111, 33, 5, 78, 60, 2, 92, 14, 91, 71, 81, 32, 34, 35, 111, 1, 96, 117, 106, 8, 14]), array('b', [70, 88, 68, 101, 35, 32, 54, 16, 40, 97, 52, 21, 40, 80, 68, 68, 9, 114, 64, 17, 65])]
------------------------------
Generation 2 statistics
          Min: 13655.0
          Max: 20940.0
          Avg: 16937.08
          Std: 1376.8900586466448
  Improvement: 7.146742826057392
------------------------------
Selected individuals:
[array('b', [41, 95, 22, 5, 51, 89, 101, 58, 0, 71, 4, 32, 33, 98, 110, 7, 29, 72, 112, 6, 81]), array('b', [25, 6, 51, 110, 20, 115, 49, 35, 71, 19, 51, 59, 53, 18, 6, 4, 28, 48, 89, 43, 40]), array('b', [40, 105, 38, 52, 39, 17, 91, 35, 92, 97, 52, 21, 40, 8, 104, 1, 100, 45, 9, 71, 33]), array('b', [25, 6, 51, 110, 20, 115, 49, 35, 71, 19, 52, 21, 53, 18, 6, 4, 28, 48, 89, 43, 40]), array('b', [28, 6, 51, 5, 51, 89, 101, 58, 71, 19, 51, 59, 53, 18, 6, 4, 25, 48, 89, 43, 40])]
------------------------------
Generation 3 statistics
          Min: 14078.0
          Max: 20584.0
          Avg: 16316.38
          Std: 1507.6126941625314
  Improvement: 4.270365837073303
------------------------------
Selected individuals:
[array('b', [40, 105, 38, 52, 39, 17, 33, 58, 0, 71, 4, 32, 91, 7, 110, 98, 29, 72, 112, 6, 81]), array('b', [40, 105, 38, 52, 39, 17, 49, 33, 92, 97, 52, 21, 40, 8, 104, 1, 100, 45, 9, 71, 35]), array('b', [25, 6, 51, 110, 20, 115, 49, 35, 71, 89, 51, 21, 40, 8, 104, 1, 28, 48, 19, 43, 40]), array('b', [41, 95, 22, 5, 51, 89, 101, 58, 0, 71, 51, 59, 33, 98, 110, 7, 29, 72, 112, 6, 81]), array('b', [25, 6, 51, 35, 20, 115, 43, 110, 71, 19, 51, 59, 53, 18, 6, 4, 28, 48, 89, 49, 40])]
------------------------------
Generation 4 statistics
          Min: 12887.0
          Max: 20569.0
          Avg: 16080.04
          Std: 1616.4188313676552
  Improvement: 12.369101047191622
------------------------------
Selected individuals:
[array('b', [40, 1, 38, 48, 39, 17, 33, 21, 71, 89, 51, 35, 40, 8, 104, 105, 28, 52, 112, 6, 81]), array('b', [41, 95, 22, 5, 51, 89, 101, 33, 0, 71, 72, 81, 51, 98, 110, 98, 29, 58, 112, 6, 59]), array('b', [25, 6, 51, 40, 20, 115, 43, 58, 4, 71, 4, 59, 53, 18, 6, 0, 35, 48, 89, 49, 28]), array('b', [40, 105, 38, 58, 91, 17, 33, 4, 0, 71, 52, 32, 39, 7, 104, 1, 100, 45, 9, 71, 35]), array('b', [40, 105, 21, 97, 39, 17, 49, 33, 92, 52, 52, 38, 40, 8, 110, 98, 29, 72, 112, 6, 81])]
------------------------------
Generation 5 statistics
          Min: 12636.0
          Max: 21242.0
          Avg: 15594.2
          Std: 2035.3118090356563
  Improvement: 14.075887392900857
------------------------------
Selected individuals:
[array('b', [38, 1, 40, 48, 39, 17, 33, 4, 7, 71, 52, 32, 39, 0, 104, 105, 28, 52, 112, 6, 81]), array('b', [17, 105, 21, 97, 39, 40, 49, 33, 112, 52, 52, 38, 40, 8, 104, 105, 28, 52, 92, 6, 81]), array('b', [25, 6, 51, 40, 89, 115, 43, 20, 4, 71, 4, 59, 53, 18, 6, 0, 35, 48, 33, 49, 28]), array('b', [40, 1, 22, 5, 51, 89, 101, 33, 0, 71, 72, 35, 40, 8, 104, 105, 28, 52, 112, 6, 81]), array('b', [40, 1, 38, 48, 39, 17, 33, 21, 71, 89, 51, 35, 40, 8, 104, 105, 35, 48, 89, 49, 81])]
------------------------------
Generation 6 statistics
          Min: 12254.0
          Max: 21638.0
          Avg: 15256.74
          Std: 2019.315842655628
  Improvement: 16.673466612267102
------------------------------
Selected individuals:
[array('b', [38, 1, 40, 48, 39, 40, 49, 33, 112, 52, 52, 38, 40, 8, 104, 105, 28, 52, 112, 6, 81]), array('b', [38, 0, 40, 48, 39, 17, 33, 4, 7, 71, 52, 32, 39, 6, 105, 104, 28, 52, 112, 1, 81]), array('b', [38, 1, 40, 48, 39, 17, 33, 4, 7, 71, 52, 59, 39, 0, 104, 105, 28, 52, 112, 6, 81]), array('b', [40, 1, 22, 5, 51, 89, 101, 33, 0, 71, 51, 35, 40, 8, 104, 105, 28, 52, 112, 6, 81]), array('b', [25, 6, 51, 40, 89, 115, 43, 20, 4, 71, 4, 59, 40, 8, 104, 105, 28, 48, 33, 49, 28])]
------------------------------
Generation 7 statistics
          Min: 12250.0
          Max: 21429.0
          Avg: 15177.9
          Std: 2111.138510377754
  Improvement: 16.700666394668843
------------------------------
Selected individuals:
[array('b', [38, 1, 40, 40, 39, 51, 49, 33, 0, 71, 40, 35, 48, 8, 104, 105, 28, 52, 112, 6, 81]), array('b', [38, 7, 40, 48, 39, 17, 33, 4, 1, 71, 52, 32, 39, 0, 104, 105, 28, 52, 112, 6, 81]), array('b', [33, 0, 22, 51, 51, 89, 6, 38, 0, 71, 5, 35, 40, 8, 104, 105, 28, 52, 112, 101, 81]), array('b', [38, 33, 40, 48, 39, 17, 101, 1, 0, 71, 51, 35, 40, 8, 104, 105, 28, 52, 112, 6, 81]), array('b', [38, 0, 17, 48, 39, 40, 33, 4, 7, 71, 51, 35, 40, 8, 104, 105, 28, 52, 112, 1, 81])]
------------------------------
Generation 8 statistics
          Min: 12161.0
          Max: 21303.0
          Avg: 14731.94
          Std: 2169.3018177284516
  Improvement: 17.305861553107576
------------------------------
Selected individuals:
[array('b', [38, 33, 40, 48, 39, 40, 33, 4, 7, 71, 51, 35, 40, 8, 104, 105, 28, 52, 112, 1, 81]), array('b', [38, 1, 40, 40, 39, 51, 49, 38, 0, 71, 40, 35, 48, 6, 104, 105, 28, 52, 112, 8, 81]), array('b', [38, 33, 40, 48, 39, 17, 101, 112, 0, 71, 5, 35, 40, 8, 104, 105, 28, 52, 38, 6, 81]), array('b', [38, 33, 40, 48, 39, 17, 33, 4, 1, 71, 52, 32, 39, 0, 104, 105, 28, 52, 112, 6, 81]), array('b', [38, 0, 17, 48, 39, 51, 49, 33, 0, 71, 51, 35, 40, 8, 104, 105, 28, 52, 112, 1, 81])]
------------------------------
Generation 9 statistics
          Min: 11990.0
          Max: 21185.0
          Avg: 14631.9
          Std: 2241.893344920764
  Improvement: 18.468652250781993
------------------------------
Selected individuals:
[array('b', [38, 33, 40, 48, 39, 40, 33, 4, 7, 71, 40, 35, 48, 6, 104, 105, 28, 52, 112, 1, 81]), array('b', [38, 0, 40, 48, 39, 51, 49, 33, 0, 71, 52, 35, 40, 8, 104, 105, 28, 51, 112, 1, 81]), array('b', [38, 33, 40, 48, 39, 40, 33, 4, 7, 71, 51, 35, 40, 8, 104, 105, 28, 52, 38, 1, 81]), array('b', [38, 33, 40, 48, 39, 40, 4, 33, 7, 71, 51, 35, 40, 8, 104, 105, 28, 52, 112, 1, 81]), array('b', [48, 33, 40, 39, 38, 17, 33, 4, 1, 71, 52, 32, 39, 0, 104, 105, 28, 52, 112, 8, 81])]
------------------------------
Generation 10 statistics
          Min: 11921.0
          Max: 20821.0
          Avg: 14406.02
          Std: 2127.330284558554
  Improvement: 18.937848497212023
------------------------------
Selected individuals:
[array('b', [35, 33, 40, 48, 39, 40, 40, 4, 7, 71, 33, 38, 48, 6, 104, 105, 28, 52, 112, 1, 81]), array('b', [38, 33, 40, 48, 39, 40, 33, 1, 7, 71, 40, 35, 40, 8, 104, 105, 28, 52, 38, 4, 81]), array('b', [38, 33, 40, 48, 39, 40, 33, 33, 0, 71, 52, 35, 40, 8, 104, 105, 28, 52, 38, 1, 81]), array('b', [38, 0, 40, 48, 39, 51, 49, 4, 7, 71, 51, 35, 40, 8, 104, 105, 28, 51, 112, 1, 81]), array('b', [48, 33, 40, 39, 40, 40, 33, 4, 7, 71, 39, 32, 39, 0, 104, 105, 28, 52, 112, 8, 81])]
39713.0
[44, 51, 35]
Timtestep: 3
------------------------------
Generation 1 statistics
          Min: 16088.0
          Max: 21557.0
          Avg: 18473.42
          Std: 1314.3065409561302
  Improvement: 0.0
------------------------------
Selected individuals:
[array('b', [77, 71, 82, 111, 94, 18, 73, 70, 42, 104, 47, 21, 71, 84, 69, 112, 8, 20, 87, 118, 86]), array('b', [6, 70, 104, 95, 113, 72, 93, 1, 82, 73, 44, 10, 39, 33, 82, 111, 96, 112, 4, 88, 60]), array('b', [0, 103, 40, 18, 23, 44, 77, 112, 33, 17, 51, 112, 89, 84, 27, 6, 38, 31, 112, 9, 92]), array('b', [70, 28, 8, 117, 3, 17, 59, 71, 114, 84, 9, 84, 79, 89, 76, 62, 53, 18, 17, 19, 12]), array('b', [22, 110, 92, 99, 52, 9, 45, 55, 49, 114, 22, 82, 78, 77, 35, 93, 2, 15, 4, 92, 43])]
------------------------------
Generation 2 statistics
          Min: 14694.0
          Max: 19189.0
          Avg: 17142.58
          Std: 1068.63325963586
  Improvement: 8.664843361511686
------------------------------
Selected individuals:
[array('b', [0, 103, 40, 9, 82, 44, 77, 112, 23, 114, 22, 49, 78, 77, 27, 6, 38, 31, 112, 18, 92]), array('b', [77, 71, 82, 111, 94, 18, 73, 70, 33, 17, 51, 112, 89, 84, 69, 112, 8, 20, 87, 118, 86]), array('b', [77, 69, 82, 111, 94, 18, 77, 112, 33, 17, 51, 112, 89, 84, 71, 112, 8, 20, 87, 118, 86]), array('b', [77, 71, 92, 99, 52, 9, 45, 55, 42, 104, 47, 21, 71, 84, 69, 112, 8, 20, 87, 118, 86]), array('b', [70, 28, 8, 9, 94, 18, 59, 71, 114, 84, 111, 84, 79, 89, 76, 62, 53, 18, 17, 19, 12])]
------------------------------
Generation 3 statistics
          Min: 14328.0
          Max: 20324.0
          Avg: 16483.82
          Std: 1320.58097351127
  Improvement: 10.939830929885629
------------------------------
Selected individuals:
[array('b', [0, 103, 40, 77, 82, 44, 9, 112, 23, 114, 22, 49, 78, 77, 27, 6, 38, 31, 112, 18, 92]), array('b', [77, 71, 92, 99, 52, 9, 45, 20, 42, 17, 51, 112, 89, 71, 84, 112, 8, 55, 87, 118, 86]), array('b', [0, 103, 40, 111, 94, 18, 77, 112, 23, 114, 22, 49, 78, 77, 27, 6, 38, 31, 112, 18, 92]), array('b', [77, 69, 82, 111, 94, 18, 112, 89, 33, 17, 51, 112, 112, 84, 71, 77, 8, 20, 87, 118, 86]), array('b', [77, 82, 111, 111, 94, 18, 112, 71, 114, 84, 71, 84, 79, 84, 69, 59, 8, 20, 87, 118, 86])]
------------------------------
Generation 4 statistics
          Min: 14443.0
          Max: 21828.0
          Avg: 16681.26
          Std: 1526.2561490130101
  Improvement: 10.225012431626057
------------------------------
Selected individuals:
[array('b', [77, 82, 111, 111, 84, 59, 77, 22, 23, 114, 87, 94, 79, 84, 69, 18, 8, 20, 112, 118, 86]), array('b', [77, 71, 92, 99, 52, 9, 45, 20, 42, 17, 51, 112, 89, 71, 84, 112, 8, 55, 87, 118, 86]), array('b', [0, 103, 40, 77, 82, 78, 9, 112, 23, 114, 22, 49, 44, 77, 27, 6, 8, 31, 112, 18, 92]), array('b', [0, 103, 40, 82, 23, 44, 9, 112, 77, 114, 22, 49, 78, 77, 27, 6, 38, 31, 112, 18, 92]), array('b', [0, 103, 40, 111, 94, 18, 77, 112, 23, 84, 71, 84, 79, 84, 27, 6, 38, 31, 112, 18, 92])]
------------------------------
Generation 5 statistics
          Min: 12482.0
          Max: 20572.0
          Avg: 16427.66
          Std: 1677.0781449890874
  Improvement: 22.41422178020885
------------------------------
Selected individuals:
[array('b', [112, 103, 9, 77, 77, 78, 40, 82, 112, 114, 22, 49, 44, 0, 8, 6, 27, 31, 23, 18, 92]), array('b', [77, 71, 9, 99, 52, 92, 45, 22, 23, 114, 87, 94, 79, 84, 69, 18, 8, 112, 20, 118, 86]), array('b', [0, 103, 40, 111, 94, 18, 77, 112, 84, 23, 71, 49, 78, 77, 27, 6, 38, 31, 112, 18, 92]), array('b', [77, 71, 92, 99, 52, 9, 45, 112, 77, 17, 51, 86, 89, 71, 84, 112, 8, 55, 87, 118, 112]), array('b', [0, 71, 92, 99, 23, 9, 45, 112, 92, 84, 71, 84, 79, 84, 27, 6, 38, 31, 112, 18, 52])]
------------------------------
Generation 6 statistics
          Min: 12797.0
          Max: 20910.0
          Avg: 16027.04
          Std: 1868.7023086623417
  Improvement: 20.45624067628046
------------------------------
Selected individuals:
[array('b', [112, 103, 9, 77, 77, 78, 40, 82, 112, 114, 22, 49, 44, 0, 8, 6, 8, 31, 23, 18, 92]), array('b', [112, 27, 9, 77, 77, 78, 40, 82, 112, 114, 22, 49, 44, 0, 103, 6, 8, 31, 23, 18, 92]), array('b', [114, 103, 9, 77, 77, 78, 40, 82, 112, 0, 22, 49, 78, 77, 27, 6, 38, 31, 112, 18, 92]), array('b', [112, 103, 40, 77, 77, 78, 9, 82, 112, 114, 22, 49, 44, 0, 8, 6, 27, 31, 23, 18, 52]), array('b', [0, 71, 92, 99, 23, 9, 45, 112, 92, 84, 71, 84, 79, 84, 27, 6, 38, 31, 112, 18, 92])]
------------------------------
Generation 7 statistics
          Min: 12619.0
          Max: 20364.0
          Avg: 15640.3
          Std: 1857.3992489500013
  Improvement: 21.56265539532571
------------------------------
Selected individuals:
[array('b', [112, 103, 9, 77, 77, 78, 40, 82, 112, 114, 22, 49, 44, 18, 8, 6, 8, 31, 23, 0, 92]), array('b', [112, 103, 9, 77, 77, 78, 40, 82, 112, 114, 22, 49, 44, 0, 8, 6, 8, 31, 23, 18, 92]), array('b', [112, 27, 9, 77, 77, 78, 40, 82, 112, 114, 22, 49, 44, 0, 8, 6, 27, 31, 23, 18, 92]), array('b', [22, 103, 9, 77, 77, 78, 40, 82, 18, 114, 112, 49, 44, 0, 8, 6, 8, 31, 23, 112, 92]), array('b', [112, 103, 9, 77, 77, 78, 40, 82, 112, 114, 22, 49, 44, 0, 8, 6, 8, 31, 23, 18, 52])]
------------------------------
Generation 8 statistics
          Min: 12169.0
          Max: 20867.0
          Avg: 14907.8
          Std: 1708.9426321559238
  Improvement: 24.359771258080556
------------------------------
Selected individuals:
[array('b', [112, 103, 9, 77, 77, 78, 40, 82, 112, 114, 22, 31, 44, 0, 8, 6, 27, 49, 23, 18, 92]), array('b', [22, 103, 6, 77, 77, 78, 40, 82, 18, 114, 22, 49, 44, 0, 8, 9, 8, 31, 23, 112, 92]), array('b', [18, 112, 9, 77, 77, 78, 40, 82, 112, 114, 22, 49, 44, 0, 8, 6, 8, 31, 23, 103, 52]), array('b', [22, 103, 0, 77, 77, 78, 40, 82, 22, 114, 18, 49, 44, 9, 8, 6, 23, 31, 8, 112, 92]), array('b', [112, 103, 9, 77, 77, 78, 40, 82, 18, 114, 112, 49, 44, 0, 8, 6, 8, 31, 23, 18, 92])]
------------------------------
Generation 9 statistics
          Min: 11968.0
          Max: 20783.0
          Avg: 14638.44
          Std: 1796.151532137526
  Improvement: 25.609149676777722
------------------------------
Selected individuals:
[array('b', [22, 9, 0, 77, 77, 78, 40, 82, 103, 114, 18, 49, 44, 22, 8, 6, 23, 31, 8, 112, 92]), array('b', [112, 103, 9, 77, 77, 78, 40, 82, 27, 114, 22, 31, 44, 0, 8, 6, 18, 49, 23, 18, 92]), array('b', [112, 103, 9, 77, 77, 78, 40, 92, 18, 112, 114, 49, 44, 0, 8, 6, 27, 49, 23, 18, 82]), array('b', [8, 103, 6, 77, 77, 78, 40, 82, 18, 114, 22, 49, 44, 0, 8, 6, 22, 31, 23, 103, 52]), array('b', [31, 103, 6, 77, 77, 18, 40, 82, 78, 114, 22, 49, 44, 0, 8, 9, 8, 22, 23, 112, 92])]
------------------------------
Generation 10 statistics
          Min: 11968.0
          Max: 20902.0
          Avg: 14909.64
          Std: 1890.9011477071037
  Improvement: 25.609149676777722
------------------------------
Selected individuals:
[array('b', [22, 9, 0, 77, 77, 78, 40, 82, 103, 114, 18, 49, 44, 22, 8, 6, 23, 31, 8, 112, 92]), array('b', [112, 103, 9, 77, 77, 78, 40, 82, 27, 114, 22, 31, 44, 0, 8, 6, 18, 49, 23, 18, 92]), array('b', [112, 103, 9, 77, 77, 78, 40, 92, 18, 112, 114, 49, 44, 0, 8, 6, 27, 49, 23, 18, 82]), array('b', [8, 103, 6, 77, 77, 78, 40, 82, 18, 114, 22, 49, 44, 0, 8, 9, 22, 31, 23, 103, 52]), array('b', [112, 103, 9, 77, 77, 23, 40, 82, 27, 114, 22, 31, 44, 0, 8, 6, 23, 31, 78, 18, 92])]
51681.0
[44, 51, 35, 22]
Timtestep: 4
------------------------------
Generation 1 statistics
          Min: 16039.0
          Max: 21500.0
          Avg: 18707.8
          Std: 1345.9854085390482
  Improvement: 0.0
------------------------------
Selected individuals:
[array('b', [66, 112, 110, 9, 118, 115, 27, 37, 69, 35, 85, 14, 44, 81, 29, 34, 9, 115, 84, 8, 98]), array('b', [106, 10, 0, 87, 115, 14, 81, 44, 9, 95, 14, 7, 12, 42, 27, 9, 106, 18, 67, 82, 54]), array('b', [73, 8, 13, 57, 89, 27, 49, 10, 85, 113, 39, 71, 79, 21, 37, 54, 4, 88, 84, 69, 51]), array('b', [88, 69, 26, 86, 101, 16, 29, 68, 116, 11, 118, 50, 68, 52, 20, 29, 64, 116, 12, 54, 46]), array('b', [60, 92, 93, 42, 0, 87, 104, 47, 77, 45, 80, 36, 23, 49, 72, 71, 107, 8, 21, 98, 28])]
------------------------------
Generation 2 statistics
          Min: 15231.0
          Max: 21671.0
          Avg: 17724.52
          Std: 1411.8220885083035
  Improvement: 5.037720556144398
------------------------------
Selected individuals:
[array('b', [84, 8, 88, 57, 89, 27, 49, 54, 85, 113, 39, 71, 79, 21, 37, 13, 4, 10, 73, 69, 51]), array('b', [88, 69, 101, 86, 26, 16, 29, 10, 85, 113, 39, 50, 68, 52, 20, 29, 64, 116, 12, 54, 46]), array('b', [106, 10, 0, 87, 115, 14, 81, 44, 9, 95, 7, 14, 12, 42, 27, 71, 107, 8, 21, 82, 54]), array('b', [106, 10, 0, 87, 115, 14, 81, 44, 116, 64, 118, 50, 68, 52, 20, 29, 11, 116, 12, 54, 54]), array('b', [106, 10, 0, 87, 115, 14, 81, 44, 9, 95, 14, 7, 12, 42, 8, 9, 106, 27, 67, 18, 98])]
------------------------------
Generation 3 statistics
          Min: 14883.0
          Max: 20261.0
          Avg: 17120.18
          Std: 1282.444988137891
  Improvement: 7.2074318847808465
------------------------------
Selected individuals:
[array('b', [106, 10, 0, 87, 115, 7, 81, 44, 9, 95, 14, 14, 12, 42, 8, 9, 107, 8, 21, 82, 98]), array('b', [106, 10, 0, 87, 14, 115, 49, 54, 85, 113, 39, 71, 79, 21, 37, 13, 107, 8, 21, 82, 54]), array('b', [106, 10, 0, 87, 115, 14, 81, 8, 9, 95, 7, 14, 12, 42, 20, 29, 107, 44, 21, 82, 54]), array('b', [101, 69, 88, 86, 26, 16, 29, 10, 9, 113, 39, 50, 27, 42, 8, 85, 106, 12, 18, 67, 98]), array('b', [106, 10, 0, 87, 115, 27, 49, 54, 85, 113, 39, 71, 79, 21, 37, 13, 4, 10, 12, 54, 54])]
------------------------------
Generation 4 statistics
          Min: 13821.0
          Max: 19329.0
          Avg: 16607.56
          Std: 1208.0175687464098
  Improvement: 13.828792318723112
------------------------------
Selected individuals:
[array('b', [106, 10, 14, 87, 14, 115, 49, 54, 85, 95, 0, 14, 12, 42, 8, 9, 107, 8, 21, 82, 54]), array('b', [106, 14, 0, 87, 115, 7, 81, 44, 9, 95, 14, 10, 12, 42, 8, 9, 107, 8, 21, 82, 54]), array('b', [106, 10, 21, 87, 14, 115, 49, 54, 85, 113, 39, 71, 79, 21, 37, 13, 107, 8, 0, 82, 98]), array('b', [101, 69, 88, 86, 26, 16, 29, 10, 106, 113, 27, 50, 39, 42, 8, 9, 85, 12, 18, 67, 98]), array('b', [106, 10, 49, 86, 14, 115, 88, 54, 21, 113, 39, 71, 79, 21, 37, 13, 107, 8, 85, 82, 54])]
------------------------------
Generation 5 statistics
          Min: 13821.0
          Max: 20899.0
          Avg: 15992.0
          Std: 1434.0863153938826
  Improvement: 13.828792318723112
------------------------------
Selected individuals:
[array('b', [106, 10, 14, 87, 14, 115, 49, 54, 85, 95, 0, 14, 12, 42, 8, 9, 107, 8, 21, 82, 54]), array('b', [101, 69, 88, 86, 26, 16, 29, 10, 106, 95, 27, 50, 42, 39, 8, 9, 85, 12, 18, 67, 98]), array('b', [106, 14, 14, 54, 85, 115, 49, 87, 14, 113, 0, 10, 12, 42, 8, 9, 107, 8, 21, 82, 54]), array('b', [106, 10, 39, 87, 14, 115, 49, 54, 85, 107, 49, 71, 79, 21, 37, 13, 113, 8, 0, 82, 54]), array('b', [106, 10, 85, 87, 14, 115, 49, 54, 85, 14, 39, 71, 79, 21, 37, 13, 107, 8, 95, 82, 54])]
------------------------------
Generation 6 statistics
          Min: 13389.0
          Max: 19928.0
          Avg: 16141.86
          Std: 1547.26760465021
  Improvement: 16.522227071513186
------------------------------
Selected individuals:
[array('b', [106, 14, 88, 86, 26, 16, 29, 10, 106, 95, 27, 50, 42, 39, 8, 9, 85, 12, 18, 82, 54]), array('b', [106, 10, 39, 87, 14, 115, 49, 54, 85, 82, 49, 71, 79, 21, 37, 13, 113, 8, 0, 107, 54]), array('b', [106, 10, 14, 87, 8, 115, 29, 14, 106, 95, 0, 14, 12, 42, 8, 9, 107, 10, 21, 82, 54]), array('b', [106, 10, 39, 87, 14, 16, 29, 10, 106, 95, 12, 50, 42, 39, 8, 9, 85, 27, 0, 82, 54]), array('b', [27, 69, 88, 86, 26, 16, 49, 67, 85, 95, 101, 50, 42, 39, 8, 9, 85, 12, 18, 54, 98])]
------------------------------
Generation 7 statistics
          Min: 13145.0
          Max: 20256.0
          Avg: 15913.94
          Std: 1706.056416534919
  Improvement: 18.0435189226261
------------------------------
Selected individuals:
[array('b', [106, 14, 88, 86, 26, 16, 29, 10, 106, 95, 54, 50, 42, 39, 8, 9, 85, 12, 18, 82, 27]), array('b', [106, 10, 49, 87, 14, 115, 39, 54, 85, 82, 49, 50, 42, 39, 8, 9, 113, 8, 0, 107, 54]), array('b', [86, 69, 88, 27, 26, 16, 49, 67, 85, 95, 101, 50, 42, 39, 8, 9, 85, 12, 18, 54, 98]), array('b', [106, 14, 88, 86, 26, 16, 29, 10, 106, 95, 27, 50, 42, 39, 8, 9, 85, 12, 18, 82, 54]), array('b', [106, 10, 39, 87, 14, 115, 54, 49, 85, 82, 49, 50, 42, 39, 8, 9, 85, 27, 0, 107, 54])]
------------------------------
Generation 8 statistics
          Min: 12862.0
          Max: 21089.0
          Avg: 15641.0
          Std: 2056.9552741856105
  Improvement: 19.807968077810337
------------------------------
Selected individuals:
[array('b', [106, 14, 88, 86, 26, 16, 29, 54, 85, 82, 49, 50, 42, 39, 8, 9, 113, 8, 0, 107, 54]), array('b', [106, 14, 88, 86, 26, 16, 29, 10, 106, 95, 54, 50, 42, 39, 8, 9, 85, 12, 18, 82, 54]), array('b', [106, 14, 88, 86, 26, 16, 29, 10, 106, 95, 54, 50, 42, 39, 8, 9, 85, 12, 18, 82, 27]), array('b', [106, 10, 49, 87, 14, 115, 39, 54, 85, 82, 49, 50, 42, 39, 9, 8, 113, 8, 0, 107, 54]), array('b', [106, 10, 49, 87, 14, 115, 39, 54, 85, 82, 49, 50, 42, 39, 8, 9, 113, 8, 0, 107, 54])]
------------------------------
Generation 9 statistics
          Min: 13187.0
          Max: 20453.0
          Avg: 15385.26
          Std: 1816.3555357913792
  Improvement: 17.781657210549287
------------------------------
Selected individuals:
[array('b', [106, 14, 88, 86, 26, 16, 29, 54, 85, 54, 49, 50, 42, 39, 8, 9, 113, 8, 0, 107, 82]), array('b', [106, 14, 88, 86, 10, 16, 29, 26, 106, 95, 54, 50, 42, 39, 8, 9, 107, 8, 0, 113, 54]), array('b', [106, 14, 88, 86, 26, 16, 29, 10, 106, 95, 54, 50, 42, 39, 12, 9, 85, 8, 18, 82, 27]), array('b', [106, 10, 49, 87, 14, 115, 39, 54, 85, 82, 49, 50, 42, 39, 9, 8, 113, 8, 0, 107, 54]), array('b', [106, 10, 49, 87, 14, 115, 39, 54, 85, 82, 49, 50, 42, 39, 8, 9, 113, 8, 0, 107, 54])]
------------------------------
Generation 10 statistics
          Min: 12656.0
          Max: 21078.0
          Avg: 15499.04
          Std: 2071.2348486832643
  Improvement: 21.09233742752042
------------------------------
Selected individuals:
[array('b', [106, 14, 88, 86, 26, 16, 39, 54, 85, 82, 49, 50, 42, 39, 9, 8, 113, 8, 0, 107, 54]), array('b', [106, 10, 49, 87, 54, 115, 39, 14, 54, 82, 49, 50, 42, 39, 9, 8, 113, 8, 0, 107, 85]), array('b', [106, 14, 88, 86, 26, 16, 54, 82, 85, 82, 49, 50, 42, 39, 8, 9, 113, 8, 0, 107, 29]), array('b', [106, 14, 88, 86, 26, 16, 29, 10, 106, 95, 54, 50, 42, 39, 8, 9, 113, 8, 18, 82, 27]), array('b', [106, 14, 88, 86, 10, 16, 29, 8, 106, 95, 54, 50, 42, 39, 8, 9, 113, 26, 0, 113, 54])]
64337.0
[44, 51, 35, 22, 106]
Timtestep: 5
------------------------------
Generation 1 statistics
          Min: 16555.0
          Max: 23249.0
          Avg: 19685.44
          Std: 1727.625736784462
  Improvement: 0.0
------------------------------
Selected individuals:
[array('b', [34, 67, 46, 117, 49, 9, 1, 56, 26, 46, 47, 69, 92, 55, 42, 115, 110, 105, 4, 86, 29]), array('b', [86, 29, 57, 79, 54, 52, 110, 93, 33, 94, 33, 54, 49, 20, 3, 107, 6, 49, 0, 8, 5]), array('b', [91, 54, 76, 5, 77, 88, 85, 86, 0, 34, 39, 87, 99, 93, 85, 69, 71, 83, 37, 60, 26]), array('b', [113, 28, 65, 33, 90, 16, 32, 114, 36, 84, 63, 8, 16, 24, 28, 42, 72, 71, 19, 64, 83]), array('b', [96, 116, 119, 32, 114, 119, 32, 118, 78, 23, 21, 76, 86, 18, 29, 117, 71, 47, 101, 34, 15])]
------------------------------
Generation 2 statistics
          Min: 16075.0
          Max: 23605.0
          Avg: 18520.14
          Std: 1929.9170242266832
  Improvement: 2.899426155240109
------------------------------
Selected individuals:
[array('b', [91, 54, 65, 33, 90, 16, 71, 114, 36, 84, 63, 8, 16, 24, 28, 42, 72, 32, 19, 64, 26]), array('b', [113, 28, 65, 33, 90, 16, 32, 114, 36, 84, 33, 54, 49, 8, 3, 107, 6, 49, 0, 20, 5]), array('b', [34, 54, 76, 105, 77, 88, 85, 86, 0, 34, 39, 87, 92, 55, 42, 115, 110, 5, 4, 86, 29]), array('b', [34, 88, 76, 5, 77, 42, 85, 86, 0, 34, 39, 87, 99, 93, 67, 105, 110, 115, 4, 86, 29]), array('b', [26, 67, 46, 117, 49, 16, 32, 46, 34, 114, 47, 69, 92, 55, 42, 115, 110, 105, 4, 86, 29])]
------------------------------
Generation 3 statistics
          Min: 15725.0
          Max: 24287.0
          Avg: 17741.86
          Std: 1633.3890413492854
  Improvement: 5.013591060102688
------------------------------
Selected individuals:
[array('b', [87, 67, 92, 105, 77, 88, 85, 86, 0, 34, 39, 42, 46, 55, 26, 115, 110, 105, 4, 86, 29]), array('b', [26, 67, 46, 117, 49, 16, 32, 105, 114, 34, 47, 69, 92, 55, 42, 115, 110, 46, 4, 86, 29]), array('b', [91, 54, 76, 105, 77, 88, 85, 86, 0, 84, 63, 8, 16, 24, 28, 42, 72, 32, 19, 64, 26]), array('b', [46, 54, 76, 117, 49, 16, 32, 34, 34, 114, 47, 69, 92, 55, 42, 115, 110, 5, 4, 86, 29]), array('b', [34, 54, 85, 105, 77, 42, 76, 86, 0, 34, 86, 87, 99, 93, 67, 105, 110, 115, 4, 39, 29])]
------------------------------
Generation 4 statistics
          Min: 15341.0
          Max: 22115.0
          Avg: 18036.96
          Std: 1753.283319489468
  Improvement: 7.333131984294775
------------------------------
Selected individuals:
[array('b', [87, 67, 92, 105, 77, 88, 32, 86, 0, 34, 46, 42, 39, 55, 26, 115, 110, 105, 4, 86, 29]), array('b', [91, 54, 76, 105, 77, 88, 85, 86, 0, 29, 63, 69, 92, 55, 42, 115, 110, 5, 4, 86, 84]), array('b', [46, 54, 76, 117, 49, 16, 32, 34, 34, 67, 86, 87, 99, 93, 114, 105, 110, 5, 4, 86, 29]), array('b', [115, 54, 85, 105, 77, 42, 76, 86, 0, 34, 47, 69, 92, 55, 42, 34, 110, 115, 4, 39, 29]), array('b', [87, 67, 93, 105, 77, 42, 76, 86, 0, 34, 29, 87, 99, 92, 67, 105, 110, 115, 4, 86, 86])]
------------------------------
Generation 5 statistics
          Min: 14981.0
          Max: 22605.0
          Avg: 16977.52
          Std: 1772.4758530372055
  Improvement: 9.507701600724857
------------------------------
Selected individuals:
[array('b', [115, 54, 85, 105, 77, 42, 29, 86, 0, 34, 47, 42, 39, 55, 26, 115, 110, 4, 105, 86, 76]), array('b', [115, 54, 85, 105, 77, 42, 76, 86, 0, 34, 63, 69, 92, 55, 42, 115, 110, 5, 4, 86, 84]), array('b', [91, 54, 67, 105, 86, 16, 32, 34, 34, 76, 49, 87, 99, 93, 114, 5, 110, 105, 4, 86, 84]), array('b', [46, 54, 76, 117, 49, 16, 32, 5, 34, 67, 86, 87, 99, 93, 114, 105, 110, 34, 4, 86, 29]), array('b', [87, 67, 92, 105, 88, 77, 32, 86, 0, 34, 46, 42, 39, 55, 26, 115, 110, 105, 4, 86, 29])]
------------------------------
Generation 6 statistics
          Min: 14813.0
          Max: 23512.0
          Avg: 17567.54
          Std: 2228.0982223411897
  Improvement: 10.522500755058894
------------------------------
Selected individuals:
[array('b', [115, 54, 85, 105, 77, 42, 29, 86, 0, 34, 47, 69, 92, 55, 42, 115, 110, 4, 105, 86, 76]), array('b', [87, 67, 92, 105, 88, 16, 32, 29, 34, 76, 49, 42, 39, 55, 26, 115, 105, 110, 4, 86, 34]), array('b', [115, 54, 85, 105, 84, 42, 76, 86, 0, 34, 63, 69, 92, 55, 42, 115, 110, 5, 4, 86, 77]), array('b', [115, 54, 85, 105, 77, 42, 29, 86, 0, 34, 47, 42, 39, 55, 26, 115, 110, 105, 4, 86, 76]), array('b', [115, 54, 85, 105, 77, 42, 76, 86, 0, 34, 63, 69, 92, 55, 42, 115, 110, 5, 4, 86, 84])]
------------------------------
Generation 7 statistics
          Min: 14908.0
          Max: 23409.0
          Avg: 16984.98
          Std: 1901.9222117636718
  Improvement: 9.948655995167623
------------------------------
Selected individuals:
[array('b', [115, 54, 63, 105, 77, 42, 76, 86, 0, 34, 85, 69, 92, 55, 42, 115, 110, 5, 4, 86, 76]), array('b', [115, 54, 85, 105, 77, 42, 29, 86, 26, 34, 47, 69, 92, 55, 0, 115, 110, 4, 105, 86, 76]), array('b', [34, 67, 92, 105, 88, 16, 32, 29, 87, 76, 49, 42, 39, 55, 26, 115, 105, 4, 5, 86, 34]), array('b', [115, 54, 85, 105, 84, 42, 76, 86, 0, 34, 63, 69, 92, 55, 42, 115, 110, 5, 4, 86, 84]), array('b', [115, 54, 34, 105, 77, 42, 76, 86, 0, 85, 49, 69, 92, 55, 42, 115, 110, 5, 4, 86, 84])]
------------------------------
Generation 8 statistics
          Min: 14548.0
          Max: 21645.0
          Avg: 16758.58
          Std: 1854.3175681635353
  Improvement: 12.123225611597706
------------------------------
Selected individuals:
[array('b', [4, 67, 92, 105, 88, 5, 32, 87, 29, 76, 49, 39, 42, 55, 26, 115, 105, 34, 16, 86, 34]), array('b', [87, 54, 85, 105, 88, 4, 32, 29, 115, 76, 49, 42, 39, 55, 26, 115, 105, 16, 5, 86, 76]), array('b', [115, 54, 85, 105, 77, 42, 29, 86, 26, 34, 47, 69, 92, 55, 42, 115, 110, 5, 4, 86, 84]), array('b', [115, 54, 85, 105, 84, 42, 76, 86, 0, 42, 63, 69, 92, 55, 34, 115, 110, 5, 4, 86, 84]), array('b', [115, 54, 85, 105, 84, 42, 76, 86, 0, 85, 49, 69, 92, 55, 42, 115, 110, 5, 4, 84, 86])]
------------------------------
Generation 9 statistics
          Min: 14166.0
          Max: 22366.0
          Avg: 16712.38
          Std: 1761.5097148752839
  Improvement: 14.43068559347629
------------------------------
Selected individuals:
[array('b', [4, 67, 92, 105, 88, 5, 32, 87, 115, 76, 49, 42, 39, 55, 26, 115, 105, 16, 16, 86, 34]), array('b', [4, 54, 85, 105, 88, 87, 32, 29, 115, 76, 49, 42, 39, 55, 26, 115, 105, 16, 5, 86, 76]), array('b', [115, 54, 85, 105, 0, 42, 42, 86, 84, 76, 63, 69, 92, 55, 26, 115, 105, 16, 5, 86, 84]), array('b', [87, 54, 85, 105, 88, 4, 32, 29, 115, 76, 49, 42, 39, 55, 42, 115, 105, 16, 5, 86, 76]), array('b', [115, 54, 85, 86, 84, 42, 29, 105, 26, 34, 49, 69, 92, 55, 42, 115, 110, 5, 4, 84, 86])]
------------------------------
Generation 10 statistics
          Min: 13884.0
          Max: 22848.0
          Avg: 17064.4
          Std: 1966.7147734229131
  Improvement: 16.134098459679855
------------------------------
Selected individuals:
[array('b', [4, 54, 85, 105, 86, 87, 32, 29, 115, 76, 49, 69, 88, 55, 26, 115, 105, 16, 5, 92, 76]), array('b', [115, 54, 85, 86, 84, 26, 29, 42, 105, 34, 49, 69, 92, 55, 42, 115, 110, 16, 5, 86, 84]), array('b', [115, 54, 85, 86, 84, 105, 29, 42, 115, 76, 49, 42, 39, 55, 26, 115, 105, 16, 16, 84, 86]), array('b', [4, 67, 92, 105, 88, 5, 32, 87, 115, 76, 49, 69, 92, 55, 42, 115, 110, 16, 16, 86, 34]), array('b', [86, 54, 85, 105, 88, 87, 32, 4, 84, 76, 63, 69, 92, 55, 26, 115, 105, 16, 5, 86, 76])]
78221.0
[44, 51, 35, 22, 106, 4]
Timtestep: 6
------------------------------
Generation 1 statistics
          Min: 13591.0
          Max: 22459.0
          Avg: 18839.06
          Std: 1771.3852027156488
  Improvement: 0.0
------------------------------
Selected individuals:
[array('b', [10, 59, 62, 105, 60, 110, 38, 1, 111, 103, 45, 32, 48, 43, 17, 101, 89, 32, 118, 91, 20]), array('b', [71, 22, 60, 96, 58, 6, 34, 74, 97, 24, 62, 105, 5, 39, 102, 14, 5, 98, 82, 105, 82]), array('b', [114, 45, 65, 97, 78, 94, 114, 40, 28, 39, 66, 94, 105, 73, 92, 6, 106, 83, 78, 79, 6]), array('b', [40, 106, 53, 64, 102, 106, 78, 72, 85, 87, 23, 74, 71, 111, 105, 38, 29, 105, 111, 18, 55]), array('b', [76, 71, 16, 57, 41, 101, 73, 30, 107, 99, 107, 97, 88, 74, 9, 8, 75, 96, 4, 54, 77])]
------------------------------
Generation 2 statistics
          Min: 14585.0
          Max: 22172.0
          Avg: 17276.6
          Std: 1361.8924920859524
  Improvement: -7.3136634537561624
------------------------------
Selected individuals:
[array('b', [71, 22, 60, 105, 60, 110, 38, 1, 111, 103, 45, 32, 48, 43, 17, 14, 5, 98, 105, 82, 82]), array('b', [76, 71, 16, 57, 41, 101, 73, 1, 111, 103, 45, 43, 48, 32, 17, 101, 89, 32, 4, 54, 77]), array('b', [114, 45, 65, 97, 78, 94, 89, 1, 111, 103, 45, 32, 48, 43, 17, 101, 38, 32, 118, 79, 6]), array('b', [40, 22, 60, 38, 102, 106, 78, 72, 85, 87, 23, 74, 71, 111, 105, 96, 29, 105, 111, 18, 55]), array('b', [40, 106, 53, 64, 32, 111, 78, 72, 106, 55, 45, 32, 48, 43, 17, 101, 89, 102, 118, 18, 103])]
------------------------------
Generation 3 statistics
          Min: 13499.0
          Max: 21254.0
          Avg: 16597.66
          Std: 1887.3477115783435
  Improvement: 0.6769185490398058
------------------------------
Selected individuals:
[array('b', [53, 45, 78, 64, 32, 111, 40, 72, 89, 55, 106, 32, 48, 43, 17, 101, 106, 102, 118, 18, 103]), array('b', [106, 40, 53, 89, 32, 111, 32, 72, 106, 55, 45, 32, 48, 32, 17, 101, 64, 78, 118, 18, 103]), array('b', [114, 45, 53, 64, 32, 111, 78, 72, 106, 55, 45, 32, 48, 43, 17, 101, 79, 102, 118, 89, 6]), array('b', [71, 22, 60, 105, 60, 110, 38, 1, 111, 103, 45, 32, 48, 43, 17, 101, 5, 98, 105, 82, 82]), array('b', [40, 18, 53, 106, 89, 111, 78, 45, 106, 55, 72, 32, 48, 43, 17, 14, 32, 102, 118, 64, 103])]
------------------------------
Generation 4 statistics
          Min: 13279.0
          Max: 20920.0
          Avg: 15700.68
          Std: 1644.4493599986524
  Improvement: 2.2956368184828193
------------------------------
Selected individuals:
[array('b', [53, 45, 78, 64, 32, 111, 40, 72, 89, 55, 45, 32, 48, 32, 17, 101, 106, 102, 118, 18, 103]), array('b', [53, 45, 78, 64, 32, 111, 40, 72, 106, 55, 72, 32, 48, 43, 17, 101, 106, 102, 118, 18, 103]), array('b', [53, 45, 78, 64, 32, 111, 40, 72, 89, 55, 106, 32, 48, 43, 17, 101, 106, 102, 118, 18, 103]), array('b', [53, 45, 78, 64, 32, 111, 40, 72, 18, 55, 106, 32, 48, 43, 17, 101, 106, 102, 118, 89, 103]), array('b', [114, 45, 53, 64, 32, 111, 32, 72, 45, 55, 106, 32, 48, 32, 17, 101, 64, 102, 118, 89, 6])]
------------------------------
Generation 5 statistics
          Min: 13192.0
          Max: 20920.0
          Avg: 15420.1
          Std: 1942.521219961308
  Improvement: 2.9357663159443748
------------------------------
Selected individuals:
[array('b', [53, 45, 78, 64, 32, 111, 40, 72, 89, 55, 45, 32, 48, 32, 17, 101, 106, 102, 118, 89, 103]), array('b', [114, 45, 106, 64, 32, 111, 43, 72, 89, 55, 53, 32, 48, 32, 17, 101, 106, 102, 118, 89, 6]), array('b', [53, 45, 78, 64, 32, 111, 40, 72, 89, 55, 72, 32, 48, 43, 17, 101, 106, 102, 118, 18, 103]), array('b', [53, 45, 78, 64, 32, 111, 40, 72, 106, 55, 72, 32, 48, 43, 17, 101, 106, 102, 118, 18, 103]), array('b', [53, 45, 78, 64, 32, 89, 40, 72, 111, 55, 106, 32, 48, 43, 17, 101, 106, 102, 118, 18, 103])]
------------------------------
Generation 6 statistics
          Min: 13047.0
          Max: 20340.0
          Avg: 15013.8
          Std: 1830.9121005662819
  Improvement: 4.002648811713634
------------------------------
Selected individuals:
[array('b', [72, 45, 78, 64, 32, 111, 40, 53, 89, 55, 72, 32, 48, 43, 17, 101, 106, 102, 118, 18, 103]), array('b', [78, 45, 55, 64, 32, 111, 53, 72, 106, 40, 72, 43, 48, 32, 17, 101, 106, 102, 118, 89, 103]), array('b', [53, 45, 78, 64, 32, 111, 40, 72, 89, 55, 45, 32, 48, 32, 17, 101, 106, 102, 118, 89, 103]), array('b', [53, 45, 78, 64, 32, 111, 40, 72, 89, 55, 45, 32, 48, 32, 17, 101, 106, 102, 118, 89, 103]), array('b', [114, 45, 106, 64, 32, 111, 43, 72, 89, 55, 53, 32, 48, 32, 17, 101, 106, 102, 118, 89, 6])]
------------------------------
Generation 7 statistics
          Min: 12866.0
          Max: 19603.0
          Avg: 14918.14
          Std: 1813.0681290012237
  Improvement: 5.334412478846295
------------------------------
Selected individuals:
[array('b', [72, 45, 78, 64, 32, 106, 40, 72, 89, 55, 72, 32, 48, 43, 17, 101, 111, 102, 118, 18, 103]), array('b', [78, 45, 55, 64, 32, 111, 40, 72, 101, 40, 72, 43, 48, 32, 17, 106, 106, 102, 118, 89, 103]), array('b', [72, 45, 78, 64, 32, 111, 40, 53, 89, 55, 72, 32, 48, 32, 17, 101, 106, 102, 118, 89, 103]), array('b', [78, 45, 55, 64, 32, 111, 43, 72, 106, 40, 72, 43, 48, 32, 17, 101, 106, 102, 118, 89, 103]), array('b', [72, 45, 78, 64, 32, 111, 40, 53, 89, 55, 72, 32, 48, 43, 17, 101, 106, 102, 118, 89, 103])]
------------------------------
Generation 8 statistics
          Min: 12818.0
          Max: 19750.0
          Avg: 14912.18
          Std: 2083.148786716876
  Improvement: 5.6875873739974985
------------------------------
Selected individuals:
[array('b', [72, 45, 78, 64, 32, 106, 40, 48, 89, 40, 72, 43, 53, 32, 17, 111, 106, 102, 118, 89, 103]), array('b', [78, 32, 103, 64, 32, 111, 43, 72, 106, 40, 72, 45, 48, 43, 17, 101, 111, 102, 118, 89, 55]), array('b', [72, 45, 78, 64, 72, 101, 40, 32, 89, 55, 72, 32, 48, 43, 17, 106, 106, 102, 118, 89, 103]), array('b', [72, 45, 78, 64, 32, 106, 40, 72, 89, 55, 72, 32, 48, 43, 17, 101, 111, 102, 118, 18, 103]), array('b', [72, 45, 78, 64, 32, 106, 40, 72, 89, 55, 72, 43, 48, 32, 17, 101, 106, 102, 118, 18, 103])]
------------------------------
Generation 9 statistics
          Min: 12565.0
          Max: 20300.0
          Avg: 15100.88
          Std: 2093.345710961289
  Improvement: 7.549113383856964
------------------------------
Selected individuals:
[array('b', [103, 45, 78, 64, 32, 106, 40, 48, 18, 40, 72, 43, 53, 32, 17, 111, 106, 102, 118, 89, 72]), array('b', [78, 32, 103, 64, 32, 111, 43, 72, 106, 40, 72, 45, 48, 43, 17, 101, 111, 102, 118, 89, 55]), array('b', [72, 45, 78, 64, 32, 106, 40, 72, 89, 55, 72, 43, 48, 32, 17, 101, 106, 102, 118, 89, 103]), array('b', [78, 45, 72, 64, 32, 106, 40, 72, 89, 55, 72, 32, 48, 43, 17, 111, 106, 102, 118, 18, 103]), array('b', [72, 45, 72, 64, 32, 106, 40, 48, 89, 40, 78, 43, 53, 32, 17, 111, 106, 102, 118, 89, 103])]
------------------------------
Generation 10 statistics
          Min: 12370.0
          Max: 21573.0
          Avg: 15201.34
          Std: 2537.8915942963354
  Improvement: 8.983886395408726
------------------------------
Selected individuals:
[array('b', [103, 45, 78, 64, 32, 106, 40, 48, 18, 40, 72, 43, 53, 32, 17, 111, 106, 102, 118, 89, 55]), array('b', [78, 45, 78, 64, 32, 106, 48, 40, 89, 55, 72, 43, 72, 43, 17, 102, 111, 101, 118, 89, 55]), array('b', [103, 45, 78, 64, 32, 106, 40, 48, 18, 40, 72, 43, 53, 32, 17, 111, 106, 102, 118, 89, 72]), array('b', [103, 45, 78, 64, 32, 106, 40, 48, 18, 40, 72, 43, 53, 32, 17, 111, 106, 102, 118, 89, 72]), array('b', [103, 45, 78, 64, 32, 106, 43, 72, 18, 40, 72, 40, 53, 32, 17, 111, 106, 102, 118, 89, 72])]
90591.0
[44, 51, 35, 22, 106, 4, 103]
Timtestep: 7
------------------------------
Generation 1 statistics
          Min: 12327.0
          Max: 17488.0
          Avg: 14731.56
          Std: 1177.0171308863953
  Improvement: 0.0
------------------------------
Selected individuals:
[array('b', [18, 85, 29, 105, 81, 47, 51, 96, 30, 113, 96, 63, 55, 65, 20, 31, 41, 115, 95, 37, 40]), array('b', [112, 96, 50, 79, 32, 31, 28, 88, 25, 27, 6, 43, 46, 16, 42, 104, 107, 67, 103, 98, 110]), array('b', [112, 60, 77, 89, 115, 110, 19, 38, 10, 17, 1, 66, 65, 44, 64, 80, 75, 13, 108, 92, 38]), array('b', [108, 24, 73, 96, 22, 86, 114, 84, 30, 119, 52, 93, 86, 41, 37, 48, 118, 41, 5, 118, 81]), array('b', [74, 36, 5, 26, 87, 68, 112, 89, 48, 68, 106, 6, 11, 94, 79, 74, 65, 32, 14, 53, 62])]
------------------------------
Generation 2 statistics
          Min: 10557.0
          Max: 17520.0
          Avg: 13465.32
          Std: 1223.2595544691187
  Improvement: 14.358724750547578
------------------------------
Selected individuals:
[array('b', [18, 85, 29, 105, 81, 47, 51, 96, 30, 113, 96, 63, 55, 65, 20, 31, 115, 41, 38, 92, 95]), array('b', [74, 36, 50, 79, 32, 31, 28, 88, 25, 27, 6, 43, 46, 16, 42, 104, 65, 32, 14, 53, 62]), array('b', [41, 85, 29, 105, 81, 47, 51, 96, 95, 113, 96, 63, 55, 65, 20, 31, 18, 115, 30, 37, 40]), array('b', [74, 36, 5, 26, 87, 51, 47, 96, 30, 113, 96, 63, 55, 65, 20, 31, 65, 32, 53, 14, 62]), array('b', [108, 24, 73, 96, 22, 81, 65, 96, 30, 113, 96, 63, 55, 51, 20, 31, 118, 41, 5, 118, 47])]
------------------------------
Generation 3 statistics
          Min: 10557.0
          Max: 16445.0
          Avg: 13106.16
          Std: 1389.6094467151593
  Improvement: 14.358724750547578
------------------------------
Selected individuals:
[array('b', [18, 85, 29, 105, 81, 47, 51, 96, 30, 113, 96, 63, 55, 65, 20, 31, 115, 41, 38, 92, 95]), array('b', [18, 85, 29, 105, 81, 47, 92, 96, 95, 113, 96, 63, 55, 65, 20, 31, 115, 41, 38, 51, 95]), array('b', [108, 24, 73, 96, 32, 31, 28, 88, 25, 27, 6, 43, 46, 41, 42, 31, 118, 16, 5, 118, 47]), array('b', [74, 36, 50, 105, 81, 42, 27, 31, 25, 28, 6, 43, 46, 16, 88, 104, 65, 32, 14, 53, 62]), array('b', [108, 24, 73, 30, 22, 81, 65, 96, 96, 113, 96, 63, 55, 51, 20, 31, 118, 41, 47, 118, 5])]
------------------------------
Generation 4 statistics
          Min: 10804.0
          Max: 16124.0
          Avg: 12690.98
          Std: 1200.5369546998595
  Improvement: 12.35499310456721
------------------------------
Selected individuals:
[array('b', [18, 85, 29, 105, 81, 47, 92, 96, 95, 113, 96, 63, 55, 65, 20, 31, 115, 41, 38, 118, 5]), array('b', [18, 85, 29, 105, 81, 47, 51, 96, 30, 27, 6, 43, 46, 65, 20, 31, 115, 41, 38, 92, 95]), array('b', [5, 96, 96, 30, 22, 108, 65, 24, 96, 113, 73, 63, 55, 51, 20, 31, 115, 41, 38, 118, 81]), array('b', [18, 85, 95, 105, 81, 47, 96, 51, 96, 113, 30, 63, 55, 65, 20, 31, 118, 41, 47, 92, 29]), array('b', [18, 85, 29, 105, 81, 47, 92, 96, 95, 113, 96, 63, 55, 65, 20, 31, 115, 41, 38, 51, 95])]
------------------------------
Generation 5 statistics
          Min: 10266.0
          Max: 16155.0
          Avg: 12474.84
          Std: 1419.0170874235428
  Improvement: 16.719396446824046
------------------------------
Selected individuals:
[array('b', [18, 85, 29, 95, 95, 47, 92, 96, 105, 113, 96, 63, 55, 65, 20, 31, 115, 41, 38, 92, 81]), array('b', [18, 85, 96, 95, 22, 108, 65, 24, 96, 113, 73, 63, 55, 65, 20, 38, 115, 41, 31, 51, 30]), array('b', [18, 85, 29, 105, 81, 47, 92, 96, 95, 113, 96, 63, 55, 65, 20, 31, 115, 41, 38, 118, 5]), array('b', [5, 96, 29, 105, 81, 92, 63, 96, 95, 113, 96, 47, 55, 51, 20, 31, 115, 41, 38, 118, 81]), array('b', [92, 85, 29, 105, 81, 47, 18, 96, 95, 113, 96, 63, 55, 65, 20, 31, 115, 41, 38, 118, 5])]
------------------------------
Generation 6 statistics
          Min: 10346.0
          Max: 17369.0
          Avg: 12561.68
          Std: 1766.7434272129026
  Improvement: 16.070414537194775
------------------------------
Selected individuals:
[array('b', [18, 85, 96, 105, 81, 115, 65, 24, 96, 92, 73, 63, 55, 65, 20, 38, 113, 41, 31, 51, 30]), array('b', [18, 85, 29, 105, 81, 47, 18, 96, 95, 113, 96, 63, 55, 65, 20, 31, 115, 41, 38, 92, 81]), array('b', [18, 85, 96, 95, 22, 108, 65, 96, 95, 113, 96, 63, 55, 65, 31, 20, 115, 41, 38, 118, 5]), array('b', [5, 96, 29, 105, 81, 92, 51, 96, 95, 113, 96, 63, 55, 63, 20, 31, 115, 41, 38, 118, 81]), array('b', [92, 85, 29, 105, 118, 108, 65, 24, 96, 113, 73, 63, 55, 65, 20, 38, 115, 41, 31, 22, 5])]
------------------------------
Generation 7 statistics
          Min: 10549.0
          Max: 17109.0
          Avg: 12570.32
          Std: 1691.0485438330936
  Improvement: 14.423622941510505
------------------------------
Selected individuals:
[array('b', [18, 96, 29, 105, 81, 92, 51, 96, 95, 113, 96, 63, 55, 65, 20, 31, 115, 41, 38, 92, 81]), array('b', [92, 85, 29, 105, 118, 108, 65, 24, 96, 113, 96, 63, 55, 65, 20, 38, 115, 41, 31, 22, 5]), array('b', [18, 85, 96, 95, 22, 108, 65, 96, 95, 113, 96, 63, 55, 65, 31, 31, 115, 41, 38, 118, 5]), array('b', [5, 96, 29, 105, 81, 92, 51, 96, 95, 113, 96, 63, 55, 63, 20, 31, 115, 41, 38, 118, 81]), array('b', [18, 85, 29, 105, 81, 47, 18, 96, 95, 113, 73, 63, 55, 65, 20, 31, 115, 41, 38, 92, 81])]
------------------------------
Generation 8 statistics
          Min: 10235.0
          Max: 16678.0
          Avg: 12000.96
          Std: 1370.390206620007
  Improvement: 16.970876936805386
------------------------------
Selected individuals:
[array('b', [5, 85, 29, 105, 118, 108, 65, 96, 95, 113, 96, 63, 55, 65, 31, 31, 115, 41, 38, 118, 92]), array('b', [5, 85, 96, 95, 22, 115, 65, 96, 95, 113, 96, 63, 55, 63, 20, 31, 108, 41, 38, 118, 81]), array('b', [18, 85, 29, 105, 81, 47, 65, 24, 96, 113, 96, 63, 55, 65, 20, 38, 115, 41, 31, 22, 81]), array('b', [18, 85, 18, 105, 81, 47, 31, 96, 95, 113, 96, 63, 55, 65, 20, 29, 115, 41, 38, 92, 81]), array('b', [18, 85, 96, 95, 22, 108, 65, 24, 96, 113, 96, 63, 55, 65, 20, 38, 115, 41, 31, 22, 5])]
------------------------------
Generation 9 statistics
          Min: 10049.0
          Max: 16483.0
          Avg: 12036.4
          Std: 1405.3024585476358
  Improvement: 18.479759876693436
------------------------------
Selected individuals:
[array('b', [5, 85, 96, 95, 22, 108, 65, 24, 96, 113, 96, 63, 55, 65, 20, 38, 115, 41, 38, 118, 81]), array('b', [5, 85, 96, 95, 22, 115, 65, 96, 95, 113, 96, 63, 55, 65, 31, 31, 115, 41, 38, 118, 81]), array('b', [5, 85, 29, 105, 118, 108, 65, 96, 95, 113, 96, 63, 55, 65, 31, 31, 115, 41, 38, 118, 92]), array('b', [5, 85, 96, 95, 22, 115, 65, 96, 95, 113, 96, 63, 55, 63, 20, 31, 108, 41, 38, 118, 81]), array('b', [5, 85, 96, 95, 22, 115, 65, 96, 95, 113, 96, 63, 55, 63, 20, 31, 108, 41, 38, 118, 81])]
------------------------------
Generation 10 statistics
          Min: 9969.0
          Max: 16590.0
          Avg: 12504.34
          Std: 1678.5084284566392
  Improvement: 19.128741786322706
------------------------------
Selected individuals:
[array('b', [5, 85, 96, 95, 22, 115, 65, 24, 96, 118, 96, 63, 55, 65, 20, 38, 115, 41, 38, 113, 81]), array('b', [5, 85, 96, 95, 22, 108, 65, 24, 96, 113, 96, 63, 55, 65, 20, 38, 115, 41, 38, 118, 81]), array('b', [5, 85, 29, 105, 95, 108, 65, 96, 118, 118, 96, 63, 55, 65, 31, 31, 115, 41, 38, 113, 92]), array('b', [5, 85, 29, 105, 118, 95, 65, 108, 96, 113, 96, 63, 55, 65, 31, 31, 115, 41, 38, 118, 92]), array('b', [5, 85, 96, 95, 22, 108, 65, 24, 96, 113, 96, 63, 55, 63, 20, 31, 108, 41, 38, 118, 81])]
100560.0
[44, 51, 35, 22, 106, 4, 103, 5]
Timtestep: 8
------------------------------
Generation 1 statistics
          Min: 11161.0
          Max: 15116.0
          Avg: 12834.5
          Std: 806.5461983048526
  Improvement: 0.0
------------------------------
Selected individuals:
[array('b', [41, 26, 18, 81, 51, 97, 60, 55, 45, 76, 57, 42, 8, 31, 116, 117, 72, 35, 19, 30, 55]), array('b', [90, 112, 0, 0, 100, 72, 88, 58, 14, 58, 22, 54, 55, 95, 112, 19, 20, 84, 103, 20, 115]), array('b', [98, 24, 32, 67, 34, 64, 90, 2, 64, 7, 83, 117, 92, 102, 45, 44, 11, 51, 105, 116, 103]), array('b', [79, 44, 115, 81, 12, 17, 33, 14, 48, 22, 67, 51, 15, 53, 74, 119, 94, 79, 52, 84, 39]), array('b', [109, 71, 78, 66, 77, 62, 67, 92, 6, 40, 13, 37, 90, 83, 50, 48, 50, 74, 116, 12, 97])]
------------------------------
Generation 2 statistics
          Min: 10803.0
          Max: 13866.0
          Avg: 12103.32
          Std: 756.7304259774525
  Improvement: 3.207597885494131
------------------------------
Selected individuals:
[array('b', [41, 26, 18, 81, 51, 62, 67, 92, 6, 8, 57, 42, 40, 31, 116, 117, 72, 35, 19, 30, 55]), array('b', [90, 112, 115, 0, 100, 72, 88, 112, 14, 58, 22, 54, 55, 95, 58, 19, 20, 84, 103, 20, 0]), array('b', [26, 41, 18, 81, 51, 97, 60, 55, 45, 76, 57, 54, 55, 95, 112, 19, 20, 35, 19, 30, 55]), array('b', [98, 2, 83, 32, 34, 64, 90, 24, 64, 44, 7, 54, 55, 95, 45, 67, 11, 51, 105, 116, 103]), array('b', [109, 44, 115, 81, 12, 48, 33, 14, 15, 22, 67, 51, 74, 53, 116, 119, 94, 17, 74, 12, 97])]
------------------------------
Generation 3 statistics
          Min: 9516.0
          Max: 15502.0
          Avg: 11869.66
          Std: 1106.3745768951865
  Improvement: 14.738822686139235
------------------------------
Selected individuals:
[array('b', [26, 20, 18, 81, 51, 97, 60, 55, 45, 76, 57, 42, 40, 31, 116, 19, 41, 55, 19, 30, 35]), array('b', [41, 26, 18, 81, 60, 97, 51, 55, 45, 76, 57, 42, 40, 31, 116, 117, 72, 35, 19, 30, 55]), array('b', [98, 2, 22, 0, 100, 14, 88, 112, 72, 58, 83, 54, 55, 95, 58, 19, 20, 51, 105, 116, 103]), array('b', [98, 2, 34, 32, 83, 64, 64, 24, 90, 44, 7, 54, 55, 95, 45, 67, 11, 51, 105, 116, 103]), array('b', [90, 112, 18, 14, 100, 72, 88, 112, 81, 58, 22, 54, 55, 95, 58, 19, 20, 84, 103, 20, 0])]
------------------------------
Generation 4 statistics
          Min: 9735.0
          Max: 14038.0
          Avg: 11428.8
          Std: 990.3017317969361
  Improvement: 12.776632918197294
------------------------------
Selected individuals:
[array('b', [26, 20, 18, 81, 60, 97, 51, 55, 45, 76, 31, 42, 40, 57, 116, 117, 41, 55, 19, 30, 35]), array('b', [26, 18, 20, 81, 51, 97, 60, 40, 45, 116, 57, 42, 31, 76, 55, 19, 41, 55, 19, 30, 35]), array('b', [41, 26, 18, 81, 60, 97, 51, 55, 45, 76, 57, 42, 40, 31, 116, 117, 72, 35, 19, 30, 55]), array('b', [41, 26, 18, 81, 60, 97, 51, 55, 45, 76, 57, 42, 40, 31, 58, 19, 20, 35, 19, 30, 55]), array('b', [98, 2, 34, 32, 83, 64, 64, 112, 54, 58, 83, 72, 55, 95, 58, 19, 11, 51, 105, 116, 103])]
------------------------------
Generation 5 statistics
          Min: 9356.0
          Max: 13838.0
          Avg: 10952.9
          Std: 1015.8629484334987
  Improvement: 16.172385986918734
------------------------------
Selected individuals:
[array('b', [26, 20, 18, 81, 60, 97, 51, 55, 45, 76, 57, 30, 40, 31, 116, 117, 41, 55, 19, 42, 35]), array('b', [26, 18, 18, 81, 60, 97, 51, 55, 45, 76, 31, 42, 41, 76, 55, 19, 31, 55, 19, 30, 35]), array('b', [41, 26, 55, 81, 60, 97, 51, 18, 45, 76, 57, 42, 40, 31, 58, 19, 20, 35, 19, 30, 35]), array('b', [26, 18, 20, 81, 51, 97, 60, 57, 45, 55, 40, 42, 40, 31, 116, 19, 41, 76, 19, 30, 35]), array('b', [41, 35, 18, 58, 60, 97, 51, 55, 42, 76, 57, 45, 40, 31, 30, 117, 72, 26, 19, 81, 55])]
------------------------------
Generation 6 statistics
          Min: 9333.0
          Max: 12948.0
          Avg: 10364.66
          Std: 915.6428694638535
  Improvement: 16.378460711405786
------------------------------
Selected individuals:
[array('b', [26, 18, 18, 81, 60, 97, 51, 55, 45, 76, 57, 42, 41, 76, 55, 19, 31, 55, 19, 30, 35]), array('b', [26, 26, 55, 97, 60, 31, 51, 18, 45, 76, 57, 42, 40, 81, 58, 19, 20, 35, 19, 42, 35]), array('b', [26, 20, 18, 81, 60, 97, 51, 55, 45, 76, 57, 30, 40, 31, 116, 117, 41, 55, 19, 42, 35]), array('b', [19, 20, 18, 81, 60, 97, 51, 55, 42, 76, 57, 30, 40, 31, 116, 117, 41, 55, 26, 42, 35]), array('b', [26, 51, 18, 81, 60, 97, 41, 55, 45, 76, 57, 30, 40, 31, 116, 117, 20, 55, 19, 42, 35])]
------------------------------
Generation 7 statistics
          Min: 9116.0
          Max: 12972.0
          Avg: 10510.9
          Std: 1006.8408861384245
  Improvement: 18.322730938087986
------------------------------
Selected individuals:
[array('b', [18, 20, 26, 81, 60, 97, 51, 55, 45, 76, 57, 30, 40, 31, 116, 117, 41, 55, 19, 42, 35]), array('b', [26, 18, 18, 81, 45, 97, 51, 55, 60, 76, 76, 42, 41, 57, 55, 19, 31, 55, 19, 30, 35]), array('b', [26, 18, 18, 81, 60, 97, 51, 18, 45, 76, 57, 42, 40, 76, 55, 35, 31, 55, 19, 30, 19]), array('b', [19, 20, 18, 81, 60, 97, 51, 55, 42, 76, 57, 30, 40, 31, 116, 117, 41, 55, 26, 30, 35]), array('b', [35, 26, 55, 97, 60, 97, 51, 18, 45, 76, 57, 42, 40, 81, 58, 19, 20, 42, 19, 35, 26])]
------------------------------
Generation 8 statistics
          Min: 8848.0
          Max: 13021.0
          Avg: 10211.38
          Std: 952.8151738926182
  Improvement: 20.723949466893647
------------------------------
Selected individuals:
[array('b', [18, 58, 26, 81, 57, 97, 51, 18, 81, 76, 60, 42, 40, 45, 35, 19, 20, 42, 19, 35, 20]), array('b', [26, 18, 18, 81, 45, 97, 51, 55, 60, 76, 76, 42, 41, 57, 55, 19, 31, 42, 19, 35, 35]), array('b', [18, 20, 26, 81, 60, 97, 51, 42, 45, 76, 57, 30, 40, 31, 116, 117, 41, 55, 19, 55, 35]), array('b', [26, 18, 40, 81, 60, 97, 51, 55, 45, 76, 57, 30, 26, 31, 116, 117, 41, 55, 19, 30, 19]), array('b', [19, 20, 18, 81, 60, 97, 51, 55, 31, 76, 57, 30, 40, 42, 116, 117, 41, 42, 19, 35, 35])]
------------------------------
Generation 9 statistics
          Min: 8665.0
          Max: 13139.0
          Avg: 10280.92
          Std: 1188.2321631735117
  Improvement: 22.3635874921602
------------------------------
Selected individuals:
[array('b', [30, 18, 51, 81, 57, 18, 40, 97, 81, 76, 60, 42, 40, 45, 35, 19, 20, 42, 19, 26, 19]), array('b', [19, 20, 18, 81, 57, 97, 51, 18, 81, 76, 60, 42, 40, 45, 35, 19, 20, 42, 19, 35, 20]), array('b', [18, 58, 26, 81, 60, 97, 51, 42, 35, 76, 57, 30, 40, 45, 45, 19, 20, 42, 19, 35, 20]), array('b', [18, 20, 55, 81, 57, 97, 51, 18, 81, 76, 60, 42, 40, 41, 116, 117, 45, 55, 19, 26, 35]), array('b', [18, 58, 26, 81, 60, 97, 45, 55, 60, 76, 45, 42, 40, 51, 35, 19, 20, 42, 19, 35, 20])]
------------------------------
Generation 10 statistics
          Min: 8504.0
          Max: 14313.0
          Avg: 10016.68
          Std: 1306.831564357084
  Improvement: 23.806110563569572
------------------------------
Selected individuals:
[array('b', [30, 18, 51, 81, 57, 18, 60, 55, 40, 76, 45, 42, 40, 51, 35, 19, 20, 42, 19, 26, 19]), array('b', [30, 18, 51, 81, 57, 18, 81, 97, 40, 76, 60, 42, 40, 45, 35, 19, 20, 42, 19, 26, 19]), array('b', [18, 20, 55, 81, 57, 18, 40, 97, 81, 76, 60, 42, 40, 45, 35, 19, 45, 55, 19, 26, 35]), array('b', [19, 20, 26, 81, 60, 97, 45, 19, 81, 76, 60, 42, 40, 45, 35, 18, 20, 42, 19, 35, 20]), array('b', [18, 20, 18, 81, 57, 97, 51, 18, 20, 76, 45, 42, 40, 51, 35, 19, 20, 42, 19, 35, 60])]
109064.0
[44, 51, 35, 22, 106, 4, 103, 5, 30]
Timtestep: 9
------------------------------
Generation 1 statistics
          Min: 10019.0
          Max: 14227.0
          Avg: 12359.68
          Std: 925.7837855568621
  Improvement: 0.0
------------------------------
Selected individuals:
[array('b', [10, 15, 15, 83, 94, 16, 97, 109, 38, 42, 19, 14, 16, 28, 31, 4, 12, 35, 0, 12, 104]), array('b', [75, 91, 107, 50, 59, 47, 24, 7, 115, 112, 92, 23, 55, 49, 44, 9, 19, 56, 84, 44, 7]), array('b', [100, 50, 103, 75, 7, 42, 75, 42, 58, 14, 28, 113, 100, 58, 44, 58, 67, 119, 89, 35, 9]), array('b', [63, 70, 59, 81, 100, 105, 30, 105, 109, 67, 33, 59, 52, 23, 96, 113, 104, 31, 42, 60, 66]), array('b', [67, 106, 84, 16, 96, 105, 38, 35, 96, 102, 61, 72, 88, 42, 13, 24, 104, 21, 70, 89, 47])]
------------------------------
Generation 2 statistics
          Min: 9282.0
          Max: 13456.0
          Avg: 11324.06
          Std: 1070.2975737616243
  Improvement: 7.356023555245034
------------------------------
Selected individuals:
[array('b', [100, 50, 15, 83, 94, 58, 97, 38, 109, 42, 19, 14, 16, 28, 31, 16, 67, 119, 89, 35, 9]), array('b', [63, 70, 59, 83, 12, 16, 97, 109, 28, 42, 19, 14, 16, 38, 31, 4, 94, 35, 0, 12, 66]), array('b', [75, 91, 103, 75, 9, 42, 75, 42, 44, 112, 92, 23, 55, 49, 44, 7, 19, 56, 84, 115, 7]), array('b', [67, 96, 84, 105, 70, 16, 38, 7, 115, 112, 92, 23, 55, 49, 13, 24, 104, 21, 106, 89, 47]), array('b', [10, 14, 15, 83, 94, 16, 97, 109, 38, 42, 19, 15, 16, 28, 31, 12, 12, 35, 0, 4, 104])]
------------------------------
Generation 3 statistics
          Min: 8989.0
          Max: 13081.0
          Avg: 10654.76
          Std: 1009.1635260947587
  Improvement: 10.280467112486276
------------------------------
Selected individuals:
[array('b', [100, 50, 15, 75, 9, 42, 75, 38, 109, 42, 19, 14, 16, 28, 31, 16, 67, 119, 89, 35, 9]), array('b', [100, 50, 15, 83, 94, 97, 58, 38, 109, 42, 92, 14, 16, 28, 31, 16, 67, 119, 89, 35, 9]), array('b', [96, 67, 84, 105, 70, 13, 38, 7, 115, 112, 92, 23, 55, 49, 16, 24, 104, 21, 106, 89, 47]), array('b', [100, 50, 42, 83, 59, 16, 97, 109, 28, 12, 19, 14, 16, 38, 31, 4, 94, 35, 89, 35, 9]), array('b', [105, 96, 84, 67, 70, 16, 38, 7, 28, 42, 19, 14, 16, 38, 31, 4, 94, 35, 0, 89, 47])]
------------------------------
Generation 4 statistics
          Min: 8516.0
          Max: 13473.0
          Avg: 10316.5
          Std: 1238.4935728537303
  Improvement: 15.001497155404731
------------------------------
Selected individuals:
[array('b', [100, 50, 15, 75, 9, 42, 75, 38, 109, 42, 19, 14, 16, 28, 9, 16, 67, 119, 89, 35, 31]), array('b', [100, 50, 84, 75, 9, 42, 75, 19, 109, 42, 38, 14, 16, 28, 31, 16, 67, 119, 89, 35, 9]), array('b', [105, 96, 84, 67, 70, 16, 42, 7, 28, 38, 92, 14, 16, 47, 31, 4, 94, 35, 0, 89, 38]), array('b', [100, 50, 15, 83, 94, 97, 58, 38, 109, 42, 92, 14, 16, 28, 31, 16, 67, 119, 89, 35, 9]), array('b', [100, 50, 15, 83, 94, 97, 58, 38, 109, 42, 92, 14, 16, 28, 31, 16, 67, 119, 89, 35, 9])]
------------------------------
Generation 5 statistics
          Min: 8589.0
          Max: 13372.0
          Avg: 10450.92
          Std: 1286.9360643015618
  Improvement: 14.272881525102306
------------------------------
Selected individuals:
[array('b', [100, 50, 84, 75, 9, 42, 75, 19, 109, 42, 38, 14, 16, 28, 31, 16, 67, 119, 89, 35, 9]), array('b', [100, 50, 84, 75, 9, 28, 75, 19, 28, 38, 38, 14, 16, 42, 31, 16, 67, 119, 89, 35, 9]), array('b', [100, 50, 84, 75, 94, 97, 58, 38, 109, 42, 92, 14, 16, 28, 31, 16, 67, 119, 89, 35, 9]), array('b', [100, 50, 84, 75, 9, 9, 75, 19, 109, 42, 38, 14, 16, 28, 42, 16, 67, 119, 89, 35, 9]), array('b', [100, 42, 67, 83, 109, 42, 75, 19, 15, 50, 38, 14, 16, 28, 31, 16, 9, 119, 89, 35, 9])]
------------------------------
Generation 6 statistics
          Min: 8236.0
          Max: 12312.0
          Avg: 9954.92
          Std: 1158.705982378618
  Improvement: 17.796187244235952
------------------------------
Selected individuals:
[array('b', [100, 50, 84, 75, 119, 28, 75, 19, 16, 42, 38, 14, 28, 42, 31, 16, 67, 9, 89, 35, 9]), array('b', [100, 50, 84, 75, 94, 97, 58, 38, 109, 42, 35, 14, 16, 31, 28, 16, 67, 119, 89, 38, 9]), array('b', [100, 50, 84, 75, 42, 9, 75, 19, 109, 42, 38, 14, 16, 28, 9, 119, 67, 16, 89, 35, 9]), array('b', [100, 50, 84, 75, 9, 42, 75, 19, 109, 42, 38, 14, 16, 28, 31, 16, 67, 119, 89, 35, 9]), array('b', [100, 42, 67, 83, 109, 42, 75, 19, 15, 50, 38, 14, 16, 28, 42, 16, 67, 119, 89, 35, 9])]
------------------------------
Generation 7 statistics
          Min: 8053.0
          Max: 12667.0
          Avg: 9841.18
          Std: 1274.1164105371217
  Improvement: 19.622716838007786
------------------------------
Selected individuals:
[array('b', [100, 42, 67, 83, 109, 42, 75, 19, 109, 42, 38, 119, 16, 28, 9, 14, 67, 16, 9, 35, 89]), array('b', [100, 50, 84, 75, 9, 42, 75, 9, 109, 38, 42, 119, 16, 28, 9, 14, 67, 119, 89, 35, 19]), array('b', [100, 50, 84, 75, 42, 9, 75, 19, 109, 42, 38, 9, 16, 28, 14, 16, 67, 119, 89, 38, 9]), array('b', [100, 42, 67, 83, 109, 42, 75, 19, 15, 50, 38, 14, 16, 28, 9, 119, 67, 119, 89, 35, 9]), array('b', [100, 50, 84, 75, 94, 97, 58, 38, 109, 42, 35, 14, 16, 28, 31, 16, 67, 119, 89, 38, 9])]
------------------------------
Generation 8 statistics
          Min: 8039.0
          Max: 13488.0
          Avg: 9682.42
          Std: 1418.6765817479318
  Improvement: 19.762451342449346
------------------------------
Selected individuals:
[array('b', [19, 42, 67, 83, 109, 42, 75, 100, 109, 42, 38, 119, 16, 28, 9, 14, 67, 16, 89, 35, 9]), array('b', [100, 42, 67, 83, 109, 42, 75, 19, 109, 42, 38, 119, 16, 28, 9, 14, 67, 16, 9, 35, 89]), array('b', [100, 42, 67, 83, 109, 42, 75, 19, 109, 42, 38, 119, 16, 28, 9, 14, 67, 16, 9, 35, 89]), array('b', [100, 50, 84, 75, 9, 42, 75, 19, 109, 35, 38, 119, 16, 28, 9, 14, 67, 119, 89, 42, 19]), array('b', [100, 50, 67, 83, 19, 42, 75, 109, 35, 50, 38, 14, 16, 28, 9, 119, 67, 119, 89, 15, 19])]
Secsh channel 5124 open FAILED: open failed: Connect failed
Traceback (most recent call last):
  File "C:\Users\alok\Downloads\projects\project\traffic-signal-optimization\genetic%20algorithm\experiment 3.py", line 58, in <module>
    print(controller.run2())
  File "C:\Users\alok\Downloads\projects\project\traffic-signal-optimization\genetic%20algorithm\experiment 3.py", line 28, in run2
    best, improvement, population = ga2.run()
  File "C:\Users\alok\Downloads\projects\project\traffic-signal-optimization\genetic%20algorithm\short1.py", line 136, in run
    fitnesses = self.fitnessFunction(offspring)
  File "C:\Users\alok\Downloads\projects\project\traffic-signal-optimization\genetic%20algorithm\short1.py", line 54, in fitnessFunction
    fitnesses = self.simulator.getFitness1(signals)
  File "C:\Users\alok\Downloads\projects\project\traffic-signal-optimization\genetic%20algorithm\simulator.py", line 162, in getFitness1
    self.requestMany(population.shape[0])
  File "C:\Users\alok\Downloads\projects\project\traffic-signal-optimization\genetic%20algorithm\simulator.py", line 151, in requestMany
    Parallel(n_jobs=N_JOBS, require='sharedmem')(delayed(self.requestStats3)(i) for i in range(number))
  File "C:\Users\alok\AppData\Local\Programs\Python\Python36\lib\site-packages\joblib\parallel.py", line 996, in __call__
    self.retrieve()
  File "C:\Users\alok\AppData\Local\Programs\Python\Python36\lib\site-packages\joblib\parallel.py", line 899, in retrieve
    self._output.extend(job.get(timeout=self.timeout))
  File "C:\Users\alok\AppData\Local\Programs\Python\Python36\lib\multiprocessing\pool.py", line 644, in get
    raise self._value
  File "C:\Users\alok\AppData\Local\Programs\Python\Python36\lib\multiprocessing\pool.py", line 119, in worker
    result = (True, func(*args, **kwds))
  File "C:\Users\alok\AppData\Local\Programs\Python\Python36\lib\site-packages\joblib\_parallel_backends.py", line 563, in __call__
    return self.func(*args, **kwargs)
  File "C:\Users\alok\AppData\Local\Programs\Python\Python36\lib\site-packages\joblib\parallel.py", line 261, in __call__
    for func, args, kwargs in self.items]
  File "C:\Users\alok\AppData\Local\Programs\Python\Python36\lib\site-packages\joblib\parallel.py", line 261, in <listcomp>
    for func, args, kwargs in self.items]
  File "C:\Users\alok\Downloads\projects\project\traffic-signal-optimization\genetic%20algorithm\simulator.py", line 102, in requestStats3
    stdin, stdout, stderr = self.sshClient.exec_command(request)
  File "C:\Users\alok\AppData\Local\Programs\Python\Python36\lib\site-packages\paramiko\client.py", line 493, in exec_command
    chan = self._transport.open_session(timeout=timeout)
  File "C:\Users\alok\AppData\Local\Programs\Python\Python36\lib\site-packages\paramiko\transport.py", line 806, in open_session
    timeout=timeout,
  File "C:\Users\alok\AppData\Local\Programs\Python\Python36\lib\site-packages\paramiko\transport.py", line 944, in open_channel
    raise e
paramiko.ssh_exception.ChannelException: (2, 'Connect failed')
>>> 