Python 3.6.5 (v3.6.5:f59c0932b4, Mar 28 2018, 17:00:18) [MSC v.1900 64 bit (AMD64)] on win32
Type "copyright", "credits" or "license()" for more information.
>>> 
 RESTART: C:\Users\alok\Downloads\projects\project\traffic-signal-optimization\genetic%20algorithm\experiment 3.py 
Timtestep: 0
------------------------------
Generation 1 statistics
          Min: 20859.0
          Max: 26851.0
          Avg: 24384.68
          Std: 1433.0219738719913
  Improvement: 0.0
------------------------------
Selected individuals:
[array('b', [83, 63, 40, 107, 30, 114, 21, 100, 87, 114, 64, 5, 18, 102, 46, 61, 0, 35, 13, 118, 107]), array('b', [13, 46, 79, 60, 49, 43, 114, 40, 50, 36, 36, 4, 5, 93, 96, 7, 45, 44, 97, 87, 41]), array('b', [41, 36, 25, 55, 64, 49, 62, 61, 19, 7, 85, 23, 68, 41, 40, 88, 90, 54, 91, 98, 7]), array('b', [55, 86, 113, 111, 118, 25, 63, 27, 94, 2, 82, 95, 4, 94, 60, 77, 107, 25, 67, 69, 48]), array('b', [12, 34, 107, 14, 9, 81, 36, 111, 28, 45, 49, 45, 81, 34, 39, 34, 58, 32, 105, 74, 40])]
------------------------------
Generation 2 statistics
          Min: 20769.0
          Max: 25988.0
          Avg: 23073.68
          Std: 1152.6733525158086
  Improvement: 0.43146843089313963
------------------------------
Selected individuals:
[array('b', [83, 63, 40, 107, 9, 81, 21, 100, 87, 114, 64, 5, 18, 102, 46, 61, 0, 35, 13, 118, 107]), array('b', [83, 63, 40, 107, 30, 114, 21, 100, 87, 114, 64, 5, 18, 102, 46, 61, 0, 35, 13, 118, 107]), array('b', [41, 36, 25, 55, 64, 49, 40, 61, 19, 7, 7, 23, 68, 41, 62, 88, 90, 54, 91, 98, 85]), array('b', [83, 63, 63, 111, 2, 25, 107, 27, 4, 118, 82, 95, 94, 94, 60, 77, 113, 25, 67, 69, 107]), array('b', [83, 63, 107, 40, 30, 114, 21, 100, 87, 114, 102, 5, 18, 64, 77, 60, 107, 25, 13, 118, 107])]
------------------------------
Generation 3 statistics
          Min: 20457.0
          Max: 26399.0
          Avg: 23057.5
          Std: 1486.303296773579
  Improvement: 1.9272256579893572
------------------------------
Selected individuals:
[array('b', [114, 63, 40, 107, 9, 81, 21, 100, 87, 83, 64, 5, 18, 102, 46, 61, 0, 35, 13, 118, 107]), array('b', [83, 63, 40, 107, 9, 81, 5, 100, 87, 18, 64, 21, 114, 102, 46, 61, 0, 35, 13, 118, 107]), array('b', [83, 82, 63, 111, 2, 25, 107, 27, 4, 118, 63, 95, 94, 94, 91, 88, 90, 54, 62, 98, 85]), array('b', [83, 63, 107, 114, 13, 114, 21, 100, 87, 40, 64, 5, 18, 102, 46, 61, 0, 35, 30, 118, 107]), array('b', [41, 36, 25, 55, 54, 49, 40, 61, 19, 7, 7, 23, 68, 41, 85, 61, 90, 64, 91, 98, 46])]
------------------------------
Generation 4 statistics
          Min: 19893.0
          Max: 26744.0
          Avg: 22551.86
          Std: 1344.2885554820348
  Improvement: 4.631094491586365
------------------------------
Selected individuals:
[array('b', [83, 63, 63, 107, 9, 81, 4, 27, 107, 118, 82, 95, 98, 94, 91, 88, 90, 54, 62, 94, 85]), array('b', [114, 63, 40, 107, 9, 81, 21, 100, 87, 83, 64, 21, 114, 102, 46, 61, 118, 35, 13, 0, 107]), array('b', [114, 63, 40, 111, 2, 25, 21, 100, 87, 83, 64, 5, 18, 102, 46, 61, 0, 35, 13, 118, 107]), array('b', [83, 63, 107, 107, 5, 81, 9, 100, 0, 18, 64, 21, 118, 102, 46, 61, 87, 35, 13, 114, 107]), array('b', [83, 82, 63, 111, 2, 25, 87, 27, 107, 83, 64, 5, 18, 102, 91, 88, 90, 54, 62, 98, 85])]
------------------------------
Generation 5 statistics
          Min: 19541.0
          Max: 27694.0
          Avg: 22045.94
          Std: 1719.732681668886
  Improvement: 6.318615465746201
------------------------------
Selected individuals:
[array('b', [83, 63, 63, 107, 9, 81, 4, 27, 107, 118, 82, 95, 18, 102, 91, 88, 90, 54, 62, 94, 85]), array('b', [83, 63, 90, 107, 9, 81, 4, 27, 107, 118, 82, 95, 98, 94, 91, 88, 107, 54, 62, 94, 85]), array('b', [83, 63, 107, 107, 5, 25, 21, 100, 87, 83, 64, 5, 18, 102, 46, 61, 0, 35, 13, 114, 107]), array('b', [83, 63, 40, 107, 9, 81, 21, 100, 87, 83, 64, 21, 118, 102, 46, 61, 87, 35, 13, 114, 107]), array('b', [83, 63, 63, 107, 9, 81, 4, 27, 107, 118, 62, 95, 98, 94, 91, 61, 90, 54, 82, 94, 85])]
------------------------------
Generation 6 statistics
          Min: 19678.0
          Max: 26990.0
          Avg: 21861.88
          Std: 1749.5790766924235
  Improvement: 5.66182463205331
------------------------------
Selected individuals:
[array('b', [83, 63, 63, 107, 9, 81, 4, 27, 107, 118, 82, 95, 18, 94, 91, 61, 90, 54, 82, 94, 85]), array('b', [83, 63, 91, 107, 4, 81, 61, 27, 107, 118, 62, 95, 9, 94, 63, 98, 90, 54, 62, 94, 85]), array('b', [83, 63, 90, 107, 9, 81, 4, 27, 107, 118, 62, 95, 94, 94, 91, 61, 90, 54, 82, 98, 85]), array('b', [83, 63, 90, 107, 9, 81, 4, 27, 107, 118, 82, 95, 98, 94, 91, 88, 107, 54, 62, 94, 85]), array('b', [83, 63, 107, 107, 9, 81, 85, 27, 107, 118, 82, 95, 98, 94, 91, 88, 107, 54, 62, 94, 4])]
------------------------------
Generation 7 statistics
          Min: 19205.0
          Max: 26510.0
          Avg: 21183.08
          Std: 1588.1173236256625
  Improvement: 7.9294309410805885
------------------------------
Selected individuals:
[array('b', [83, 61, 63, 107, 9, 81, 4, 27, 107, 118, 82, 95, 18, 94, 91, 82, 90, 54, 63, 98, 85]), array('b', [63, 83, 82, 107, 18, 81, 4, 27, 61, 118, 82, 95, 9, 94, 91, 107, 90, 54, 63, 94, 85]), array('b', [4, 63, 90, 107, 9, 81, 83, 27, 107, 118, 82, 95, 107, 94, 91, 88, 98, 54, 62, 94, 85]), array('b', [83, 63, 107, 107, 9, 81, 4, 27, 107, 118, 82, 95, 18, 94, 91, 61, 90, 54, 82, 94, 85]), array('b', [83, 63, 90, 107, 9, 62, 4, 27, 107, 118, 81, 95, 94, 94, 91, 61, 90, 54, 82, 98, 85])]
------------------------------
Generation 8 statistics
          Min: 18919.0
          Max: 27193.0
          Avg: 21160.26
          Std: 1754.2139414564156
  Improvement: 9.300541732585454
------------------------------
Selected individuals:
[array('b', [63, 83, 82, 107, 18, 81, 4, 27, 61, 118, 82, 95, 18, 94, 91, 61, 90, 54, 63, 94, 85]), array('b', [107, 63, 107, 107, 9, 81, 4, 27, 83, 118, 82, 95, 18, 94, 91, 82, 90, 54, 63, 98, 85]), array('b', [4, 63, 118, 107, 9, 81, 83, 27, 107, 91, 90, 95, 18, 94, 82, 88, 98, 54, 62, 94, 85]), array('b', [83, 63, 107, 107, 9, 81, 4, 118, 107, 27, 81, 95, 94, 94, 91, 61, 90, 54, 82, 98, 85]), array('b', [83, 61, 63, 107, 9, 81, 4, 27, 107, 118, 81, 95, 82, 94, 91, 61, 90, 54, 94, 98, 85])]
------------------------------
Generation 9 statistics
          Min: 18923.0
          Max: 26673.0
          Avg: 21046.36
          Std: 1739.3030760623476
  Improvement: 9.281365357879093
------------------------------
Selected individuals:
[array('b', [4, 63, 118, 107, 9, 82, 4, 27, 83, 118, 81, 95, 18, 94, 82, 88, 98, 54, 62, 94, 85]), array('b', [107, 63, 107, 107, 9, 81, 4, 27, 61, 118, 82, 95, 18, 94, 91, 61, 90, 54, 63, 94, 85]), array('b', [4, 63, 118, 107, 9, 94, 4, 27, 107, 90, 91, 95, 18, 81, 82, 88, 98, 54, 62, 94, 85]), array('b', [4, 63, 90, 107, 18, 91, 83, 27, 107, 81, 82, 95, 18, 94, 82, 88, 98, 54, 62, 94, 85]), array('b', [83, 83, 82, 107, 18, 81, 4, 27, 61, 118, 82, 95, 18, 94, 91, 61, 90, 54, 63, 94, 85])]
------------------------------
Generation 10 statistics
          Min: 18557.0
          Max: 26445.0
          Avg: 20912.44
          Std: 1978.372029321089
  Improvement: 11.036003643511194
------------------------------
Selected individuals:
[array('b', [4, 63, 107, 107, 9, 81, 18, 27, 61, 118, 81, 95, 4, 94, 82, 88, 98, 54, 62, 94, 85]), array('b', [4, 81, 107, 107, 9, 63, 4, 27, 61, 118, 82, 95, 18, 94, 91, 61, 90, 54, 63, 94, 85]), array('b', [27, 63, 90, 107, 18, 91, 83, 4, 61, 118, 82, 95, 18, 94, 82, 88, 98, 54, 62, 94, 85]), array('b', [4, 63, 118, 107, 27, 94, 4, 9, 61, 118, 82, 95, 18, 81, 82, 88, 98, 54, 62, 94, 85]), array('b', [4, 63, 118, 107, 9, 82, 4, 27, 83, 118, 81, 95, 18, 85, 82, 88, 90, 54, 62, 94, 94])]
18557.0
[4]
Timtestep: 1

Warning (from warnings module):
  File "C:\Users\alok\AppData\Local\Programs\Python\Python36\lib\site-packages\deap\creator.py", line 141
    RuntimeWarning)
RuntimeWarning: A class named 'FitnessMin' has already been created and it will be overwritten. Consider deleting previous creation of that class or rename it.

Warning (from warnings module):
  File "C:\Users\alok\AppData\Local\Programs\Python\Python36\lib\site-packages\deap\creator.py", line 141
    RuntimeWarning)
RuntimeWarning: A class named 'Individual' has already been created and it will be overwritten. Consider deleting previous creation of that class or rename it.
------------------------------
Generation 1 statistics
          Min: 21842.0
          Max: 27368.0
          Avg: 24500.8
          Std: 1634.8222166339883
  Improvement: 0.0
------------------------------
Selected individuals:
[array('b', [84, 112, 111, 81, 100, 11, 92, 115, 38, 18, 97, 76, 70, 76, 47, 36, 18, 55, 7, 81, 103]), array('b', [110, 72, 18, 40, 68, 85, 53, 106, 104, 56, 31, 2, 36, 109, 19, 83, 59, 94, 92, 86, 5]), array('b', [9, 110, 23, 54, 109, 51, 49, 27, 36, 71, 41, 93, 68, 19, 26, 0, 20, 86, 109, 67, 16]), array('b', [50, 85, 45, 41, 1, 91, 90, 31, 53, 65, 61, 39, 46, 54, 85, 3, 79, 48, 110, 66, 59]), array('b', [0, 40, 38, 45, 35, 1, 102, 3, 34, 56, 87, 91, 86, 91, 91, 68, 73, 109, 97, 93, 119])]
------------------------------
Generation 2 statistics
          Min: 20884.0
          Max: 26828.0
          Avg: 23004.08
          Std: 1433.1221837651806
  Improvement: 4.3860452339529346
------------------------------
Selected individuals:
[array('b', [50, 85, 54, 46, 35, 1, 102, 3, 53, 65, 61, 39, 41, 59, 85, 3, 79, 48, 110, 66, 45]), array('b', [50, 85, 45, 91, 1, 91, 90, 53, 31, 65, 61, 91, 66, 91, 41, 68, 73, 109, 97, 86, 59]), array('b', [0, 40, 87, 91, 100, 11, 92, 115, 38, 56, 38, 91, 86, 45, 91, 68, 73, 109, 97, 93, 119]), array('b', [9, 110, 26, 54, 27, 51, 49, 109, 36, 71, 41, 93, 68, 19, 23, 0, 20, 86, 109, 67, 16]), array('b', [50, 85, 45, 41, 100, 11, 90, 31, 59, 65, 61, 39, 46, 54, 85, 3, 79, 48, 110, 66, 53])]
------------------------------
Generation 3 statistics
          Min: 19260.0
          Max: 26661.0
          Avg: 22628.92
          Std: 1460.6110890993746
  Improvement: 11.821261789213443
------------------------------
Selected individuals:
[array('b', [50, 31, 45, 91, 1, 86, 90, 19, 85, 71, 41, 93, 68, 53, 23, 0, 20, 91, 109, 67, 59]), array('b', [50, 85, 54, 46, 35, 1, 102, 3, 53, 65, 39, 59, 41, 61, 85, 110, 79, 48, 3, 93, 45]), array('b', [3, 85, 54, 46, 35, 1, 102, 50, 53, 65, 61, 39, 41, 59, 85, 3, 79, 48, 110, 66, 45]), array('b', [0, 119, 26, 54, 27, 51, 49, 109, 36, 71, 41, 93, 68, 19, 23, 68, 110, 109, 97, 93, 73]), array('b', [50, 85, 45, 91, 1, 91, 90, 53, 31, 65, 61, 91, 66, 91, 85, 3, 79, 48, 110, 86, 59])]
------------------------------
Generation 4 statistics
          Min: 18850.0
          Max: 26171.0
          Avg: 21879.26
          Std: 1853.175337737928
  Improvement: 13.698379269297684
------------------------------
Selected individuals:
[array('b', [50, 31, 45, 85, 27, 53, 90, 19, 91, 71, 41, 93, 67, 51, 23, 0, 20, 91, 109, 68, 59]), array('b', [50, 31, 85, 91, 1, 86, 90, 19, 45, 71, 41, 93, 68, 53, 23, 0, 20, 91, 109, 67, 59]), array('b', [50, 31, 45, 91, 1, 86, 90, 53, 31, 65, 41, 93, 68, 53, 23, 0, 20, 91, 109, 67, 59]), array('b', [3, 31, 45, 93, 1, 86, 90, 19, 85, 79, 41, 91, 68, 53, 23, 3, 71, 48, 110, 66, 45]), array('b', [50, 31, 45, 91, 1, 86, 90, 19, 85, 71, 19, 93, 68, 41, 23, 68, 20, 91, 109, 67, 59])]
------------------------------
Generation 5 statistics
          Min: 18714.0
          Max: 25982.0
          Avg: 22576.78
          Std: 1821.5742124876608
  Improvement: 14.321032872447578
------------------------------
Selected individuals:
[array('b', [50, 31, 45, 91, 1, 68, 20, 19, 85, 71, 19, 90, 67, 51, 23, 0, 93, 91, 109, 86, 59]), array('b', [50, 31, 53, 85, 93, 86, 90, 19, 45, 71, 41, 27, 68, 45, 23, 0, 20, 91, 109, 67, 59]), array('b', [86, 31, 67, 91, 59, 50, 90, 1, 31, 65, 41, 93, 68, 53, 23, 0, 20, 91, 109, 45, 53]), array('b', [50, 31, 45, 91, 1, 86, 90, 19, 91, 71, 41, 93, 67, 51, 23, 0, 20, 91, 109, 67, 59]), array('b', [90, 31, 45, 85, 27, 53, 50, 19, 91, 71, 41, 93, 68, 41, 23, 68, 20, 91, 109, 67, 59])]
------------------------------
Generation 6 statistics
          Min: 22165.0
          Max: 26432.0
          Avg: 23735.04
          Std: 1031.3257285648624
  Improvement: -1.478802307481
------------------------------
Selected individuals:
[array('b', [45, 31, 67, 91, 59, 93, 90, 1, 31, 65, 41, 50, 68, 53, 23, 0, 20, 86, 109, 91, 53]), array('b', [50, 51, 45, 91, 1, 93, 90, 19, 91, 71, 41, 86, 67, 68, 23, 31, 20, 91, 109, 67, 59]), array('b', [90, 31, 45, 85, 59, 53, 50, 19, 20, 71, 41, 27, 67, 45, 23, 0, 91, 91, 109, 68, 27]), array('b', [50, 31, 45, 91, 1, 86, 90, 19, 91, 71, 41, 93, 67, 20, 23, 0, 51, 91, 109, 67, 59]), array('b', [16, 0, 54, 86, 65, 104, 104, 75, 73, 52, 65, 58, 42, 15, 111, 119, 10, 82, 111, 78, 62])]
------------------------------
Generation 7 statistics
          Min: 21634.0
          Max: 25375.0
          Avg: 23501.52
          Std: 998.046757221312
  Improvement: 0.9522937459939566
------------------------------
Selected individuals:
[array('b', [45, 31, 67, 85, 59, 53, 0, 1, 31, 65, 41, 50, 68, 53, 23, 50, 20, 86, 109, 91, 53]), array('b', [16, 0, 54, 86, 65, 104, 104, 52, 73, 75, 65, 58, 42, 15, 23, 31, 20, 82, 111, 78, 62]), array('b', [45, 53, 67, 91, 59, 86, 90, 1, 31, 65, 41, 50, 68, 31, 23, 0, 20, 93, 109, 91, 53]), array('b', [45, 31, 23, 91, 59, 71, 90, 19, 91, 93, 41, 86, 67, 68, 67, 31, 20, 109, 91, 67, 59]), array('b', [50, 51, 45, 91, 1, 93, 90, 19, 91, 71, 41, 86, 67, 68, 23, 31, 20, 91, 109, 67, 59])]
------------------------------
Generation 8 statistics
          Min: 20474.0
          Max: 25434.0
          Avg: 23065.04
          Std: 1190.9652045294933
  Improvement: 6.263162714037176
------------------------------
Selected individuals:
[array('b', [45, 31, 23, 85, 59, 71, 90, 19, 91, 93, 41, 50, 68, 53, 67, 50, 20, 86, 109, 91, 53]), array('b', [45, 31, 86, 85, 59, 53, 0, 1, 31, 65, 41, 50, 68, 68, 67, 31, 20, 23, 109, 91, 53]), array('b', [45, 53, 67, 91, 59, 71, 90, 19, 91, 93, 41, 86, 67, 68, 67, 31, 20, 109, 109, 91, 53]), array('b', [45, 31, 67, 85, 59, 53, 0, 1, 31, 65, 41, 50, 68, 53, 23, 50, 20, 86, 109, 91, 53]), array('b', [45, 20, 67, 85, 59, 53, 90, 1, 65, 31, 41, 50, 68, 53, 23, 50, 31, 86, 109, 91, 53])]
------------------------------
Generation 9 statistics
          Min: 20157.0
          Max: 26539.0
          Avg: 22349.62
          Std: 1396.2770482966725
  Improvement: 7.714495009614504
------------------------------
Selected individuals:
[array('b', [45, 31, 86, 85, 59, 71, 90, 19, 91, 93, 41, 50, 68, 53, 67, 50, 20, 86, 109, 91, 53]), array('b', [45, 53, 67, 91, 59, 71, 90, 19, 91, 93, 41, 86, 67, 67, 20, 31, 68, 23, 109, 91, 53]), array('b', [45, 20, 67, 65, 59, 53, 90, 1, 85, 93, 41, 50, 68, 53, 67, 50, 31, 86, 109, 91, 53]), array('b', [45, 31, 86, 85, 59, 53, 0, 1, 31, 65, 41, 50, 68, 53, 23, 50, 20, 23, 109, 91, 53]), array('b', [45, 31, 67, 85, 59, 53, 0, 1, 31, 86, 41, 50, 68, 68, 67, 50, 20, 65, 109, 91, 53])]
------------------------------
Generation 10 statistics
          Min: 20359.0
          Max: 24735.0
          Avg: 22076.16
          Std: 1221.1237670277387
  Improvement: 6.78967127552422
------------------------------
Selected individuals:
[array('b', [45, 31, 86, 85, 109, 53, 0, 1, 31, 65, 41, 50, 68, 23, 53, 50, 20, 86, 59, 91, 53]), array('b', [45, 50, 67, 65, 59, 53, 90, 1, 85, 93, 41, 50, 68, 53, 67, 53, 31, 53, 109, 91, 86]), array('b', [45, 31, 86, 85, 59, 71, 68, 19, 91, 93, 41, 50, 68, 53, 67, 50, 90, 23, 109, 91, 53]), array('b', [45, 31, 67, 65, 59, 53, 90, 1, 85, 93, 53, 50, 68, 41, 67, 50, 20, 65, 109, 91, 53]), array('b', [45, 31, 67, 85, 23, 53, 0, 1, 31, 65, 41, 50, 68, 53, 23, 50, 20, 59, 109, 91, 53])]
38916.0
[4, 45]
Timtestep: 2
------------------------------
Generation 1 statistics
          Min: 20421.0
          Max: 28260.0
          Avg: 24941.42
          Std: 1758.1134558384101
  Improvement: 0.0
------------------------------
Selected individuals:
[array('b', [8, 82, 104, 100, 87, 39, 97, 95, 52, 51, 50, 63, 70, 98, 86, 0, 6, 82, 4, 95, 14]), array('b', [18, 72, 24, 81, 70, 90, 12, 12, 74, 9, 111, 84, 109, 88, 65, 79, 29, 26, 115, 25, 15]), array('b', [66, 3, 41, 60, 112, 50, 75, 82, 83, 74, 23, 18, 52, 110, 58, 58, 97, 38, 5, 92, 91]), array('b', [17, 29, 52, 27, 105, 21, 1, 90, 23, 83, 81, 89, 34, 43, 13, 117, 104, 47, 88, 101, 107]), array('b', [81, 81, 84, 79, 62, 102, 22, 44, 31, 39, 21, 47, 8, 98, 52, 64, 87, 82, 3, 74, 10])]
------------------------------
Generation 2 statistics
          Min: 20498.0
          Max: 26436.0
          Avg: 23578.8
          Std: 1533.3857179457848
  Improvement: -0.37706282748151415
------------------------------
Selected individuals:
[array('b', [81, 81, 84, 60, 112, 50, 75, 82, 83, 74, 10, 18, 52, 110, 58, 64, 87, 82, 3, 74, 23]), array('b', [18, 72, 24, 81, 70, 90, 12, 12, 83, 74, 111, 84, 109, 88, 65, 79, 29, 26, 115, 25, 15]), array('b', [8, 82, 104, 100, 87, 95, 97, 90, 52, 51, 50, 63, 70, 98, 86, 0, 6, 82, 4, 39, 14]), array('b', [66, 3, 41, 60, 112, 50, 75, 82, 83, 74, 23, 18, 34, 43, 13, 117, 104, 38, 5, 92, 91]), array('b', [17, 29, 52, 81, 70, 90, 12, 12, 74, 9, 111, 84, 109, 88, 65, 79, 29, 26, 115, 25, 107])]
------------------------------
Generation 3 statistics
          Min: 19689.0
          Max: 26994.0
          Avg: 22932.34
          Std: 1684.704907216697
  Improvement: 3.5845453209930955
------------------------------
Selected individuals:
[array('b', [18, 72, 104, 81, 70, 90, 12, 12, 83, 74, 111, 84, 109, 88, 65, 79, 29, 26, 115, 25, 15]), array('b', [18, 72, 24, 81, 70, 50, 75, 82, 83, 74, 23, 34, 18, 43, 13, 117, 104, 38, 5, 92, 91]), array('b', [81, 81, 84, 60, 112, 50, 75, 82, 83, 74, 23, 18, 34, 43, 58, 64, 87, 82, 3, 74, 23]), array('b', [66, 3, 41, 60, 112, 50, 75, 82, 83, 74, 23, 18, 34, 43, 13, 117, 104, 38, 5, 92, 91]), array('b', [18, 72, 24, 81, 70, 90, 12, 12, 83, 74, 111, 84, 109, 88, 79, 65, 29, 26, 115, 25, 15])]
------------------------------
Generation 4 statistics
          Min: 19689.0
          Max: 25881.0
          Avg: 22075.1
          Std: 1669.0566467319475
  Improvement: 3.5845453209930955
------------------------------
Selected individuals:
[array('b', [18, 72, 104, 81, 70, 90, 12, 12, 83, 74, 111, 84, 109, 88, 65, 79, 29, 26, 115, 25, 15]), array('b', [18, 72, 104, 81, 70, 90, 12, 82, 83, 74, 23, 18, 29, 88, 65, 79, 34, 26, 115, 25, 15]), array('b', [18, 72, 24, 81, 112, 50, 75, 82, 83, 74, 23, 34, 18, 43, 13, 117, 104, 38, 5, 92, 91]), array('b', [18, 72, 24, 81, 70, 50, 75, 82, 83, 74, 23, 34, 18, 43, 13, 117, 104, 38, 5, 92, 91]), array('b', [18, 72, 104, 81, 70, 90, 25, 12, 83, 111, 74, 84, 109, 88, 65, 79, 29, 26, 115, 12, 15])]
------------------------------
Generation 5 statistics
          Min: 18992.0
          Max: 27002.0
          Avg: 21760.04
          Std: 2149.5143912986437
  Improvement: 6.997698447676411
------------------------------
Selected individuals:
[array('b', [18, 72, 104, 23, 70, 90, 12, 82, 83, 74, 81, 18, 18, 43, 13, 117, 104, 38, 5, 92, 15]), array('b', [18, 72, 104, 81, 70, 104, 12, 82, 83, 91, 23, 34, 18, 43, 13, 117, 90, 38, 5, 92, 74]), array('b', [18, 72, 104, 81, 70, 90, 25, 12, 83, 74, 23, 34, 18, 43, 13, 117, 104, 38, 5, 92, 91]), array('b', [18, 72, 104, 81, 84, 90, 25, 12, 83, 70, 74, 111, 109, 88, 65, 79, 29, 26, 115, 25, 15]), array('b', [18, 72, 104, 81, 70, 79, 12, 82, 83, 74, 23, 18, 29, 88, 65, 90, 34, 26, 115, 25, 15])]
------------------------------
Generation 6 statistics
          Min: 18486.0
          Max: 26439.0
          Avg: 21492.18
          Std: 2083.7345098644428
  Improvement: 9.475539885412076
------------------------------
Selected individuals:
[array('b', [18, 72, 104, 81, 70, 91, 12, 82, 83, 104, 38, 34, 18, 43, 13, 117, 90, 23, 5, 92, 74]), array('b', [104, 72, 104, 23, 70, 90, 12, 18, 83, 74, 81, 18, 18, 43, 13, 117, 82, 38, 5, 92, 91]), array('b', [18, 72, 104, 81, 70, 79, 12, 82, 83, 74, 81, 18, 18, 43, 13, 117, 104, 38, 5, 92, 15]), array('b', [12, 72, 104, 81, 70, 90, 25, 18, 83, 74, 23, 34, 18, 43, 13, 117, 104, 38, 5, 92, 91]), array('b', [18, 72, 104, 81, 70, 90, 25, 12, 83, 74, 104, 34, 18, 43, 13, 117, 23, 38, 5, 92, 15])]
------------------------------
Generation 7 statistics
          Min: 17717.0
          Max: 26292.0
          Avg: 20815.52
          Std: 1845.5855898873967
  Improvement: 13.241271240389795
------------------------------
Selected individuals:
[array('b', [18, 72, 104, 81, 70, 91, 12, 18, 83, 74, 81, 18, 18, 43, 13, 117, 82, 23, 5, 92, 74]), array('b', [18, 70, 104, 81, 72, 90, 25, 12, 83, 74, 81, 18, 18, 43, 13, 117, 23, 38, 5, 92, 15]), array('b', [18, 72, 104, 81, 70, 18, 25, 90, 83, 74, 34, 23, 18, 43, 13, 117, 104, 38, 5, 92, 15]), array('b', [18, 72, 104, 81, 70, 90, 25, 18, 83, 74, 23, 34, 18, 43, 13, 117, 104, 38, 5, 92, 74]), array('b', [104, 72, 104, 23, 70, 90, 12, 18, 83, 74, 81, 18, 18, 43, 13, 117, 82, 38, 5, 92, 91])]
------------------------------
Generation 8 statistics
          Min: 17193.0
          Max: 26292.0
          Avg: 20702.5
          Std: 2349.077974440181
  Improvement: 15.80725723519906
------------------------------
Selected individuals:
[array('b', [18, 72, 104, 81, 25, 18, 70, 90, 83, 74, 34, 23, 18, 43, 13, 117, 82, 23, 5, 92, 74]), array('b', [104, 72, 104, 81, 91, 90, 25, 18, 83, 74, 23, 34, 18, 43, 13, 117, 82, 38, 5, 92, 70]), array('b', [92, 72, 104, 81, 70, 18, 25, 90, 83, 74, 34, 18, 18, 43, 13, 117, 82, 23, 5, 18, 15]), array('b', [91, 72, 104, 81, 70, 18, 12, 12, 83, 74, 81, 18, 18, 43, 13, 117, 82, 23, 5, 92, 74]), array('b', [18, 72, 104, 90, 72, 81, 25, 12, 83, 74, 81, 18, 18, 43, 13, 117, 104, 38, 5, 92, 74])]
------------------------------
Generation 9 statistics
          Min: 17185.0
          Max: 26371.0
          Avg: 20268.42
          Std: 2298.3274796251403
  Improvement: 15.846432593898438
------------------------------
Selected individuals:
[array('b', [91, 72, 104, 81, 25, 18, 70, 90, 83, 74, 34, 23, 18, 43, 13, 117, 82, 23, 5, 92, 74]), array('b', [18, 72, 104, 18, 81, 72, 25, 12, 83, 74, 81, 18, 18, 43, 13, 117, 82, 23, 5, 90, 74]), array('b', [104, 72, 104, 81, 70, 18, 25, 90, 83, 74, 23, 34, 18, 43, 13, 117, 82, 38, 5, 92, 70]), array('b', [18, 72, 104, 81, 18, 18, 83, 90, 70, 74, 81, 25, 18, 43, 13, 117, 82, 23, 5, 92, 74]), array('b', [91, 72, 104, 81, 70, 18, 23, 12, 82, 74, 81, 18, 18, 43, 13, 5, 83, 12, 117, 92, 74])]
------------------------------
Generation 10 statistics
          Min: 17250.0
          Max: 25569.0
          Avg: 20136.34
          Std: 2197.383513272084
  Improvement: 15.52813280446599
------------------------------
Selected individuals:
[array('b', [18, 72, 104, 81, 18, 18, 83, 90, 83, 74, 34, 23, 18, 43, 13, 117, 82, 23, 5, 92, 74]), array('b', [18, 72, 104, 18, 81, 72, 25, 12, 74, 83, 81, 18, 18, 43, 13, 117, 82, 23, 5, 90, 74]), array('b', [104, 72, 104, 81, 81, 72, 25, 12, 83, 74, 81, 18, 18, 74, 13, 117, 82, 23, 5, 90, 43]), array('b', [104, 72, 104, 81, 70, 23, 25, 90, 83, 74, 18, 34, 18, 43, 13, 117, 82, 38, 5, 92, 70]), array('b', [18, 72, 104, 18, 81, 72, 25, 83, 12, 74, 81, 18, 18, 43, 13, 117, 82, 23, 5, 90, 74])]
56166.0
[4, 45, 18]
Timtestep: 3
------------------------------
Generation 1 statistics
          Min: 18731.0
          Max: 26174.0
          Avg: 22914.94
          Std: 1640.3827408260793
  Improvement: 0.0
------------------------------
Selected individuals:
[array('b', [24, 46, 105, 101, 37, 85, 72, 44, 32, 89, 19, 104, 107, 29, 117, 85, 119, 87, 103, 71, 50]), array('b', [110, 98, 95, 5, 53, 94, 98, 86, 104, 101, 78, 49, 30, 92, 35, 28, 79, 45, 71, 79, 93]), array('b', [59, 12, 14, 90, 86, 56, 86, 115, 95, 95, 55, 109, 80, 37, 30, 2, 88, 61, 101, 117, 41]), array('b', [42, 73, 77, 11, 70, 51, 107, 30, 64, 74, 99, 59, 47, 56, 60, 80, 89, 30, 37, 48, 114]), array('b', [66, 20, 33, 61, 110, 0, 22, 22, 66, 73, 4, 113, 98, 25, 10, 40, 0, 94, 49, 55, 54])]
------------------------------
Generation 2 statistics
          Min: 18764.0
          Max: 25284.0
          Avg: 21398.2
          Std: 1453.2630319388152
  Improvement: -0.17617852757460895
------------------------------
Selected individuals:
[array('b', [24, 46, 105, 101, 37, 55, 72, 29, 32, 89, 19, 103, 107, 44, 117, 85, 119, 87, 104, 85, 50]), array('b', [110, 101, 95, 5, 53, 94, 98, 92, 104, 98, 78, 49, 30, 86, 35, 28, 79, 45, 71, 79, 93]), array('b', [24, 46, 71, 85, 53, 94, 72, 44, 32, 89, 19, 104, 107, 29, 117, 101, 50, 119, 103, 105, 87]), array('b', [24, 20, 61, 33, 104, 0, 72, 44, 32, 89, 19, 110, 107, 29, 117, 85, 119, 87, 103, 71, 50]), array('b', [24, 46, 105, 101, 37, 85, 107, 30, 64, 74, 47, 59, 99, 29, 117, 85, 119, 87, 103, 71, 50])]
------------------------------
Generation 3 statistics
          Min: 17690.0
          Max: 24481.0
          Avg: 20630.02
          Std: 1476.3067769267948
  Improvement: 5.557631733489936
------------------------------
Selected individuals:
[array('b', [24, 46, 105, 101, 37, 85, 72, 44, 32, 89, 19, 104, 87, 29, 117, 101, 119, 107, 103, 71, 50]), array('b', [24, 46, 94, 72, 53, 105, 5, 29, 32, 89, 19, 103, 107, 44, 117, 85, 119, 87, 104, 85, 50]), array('b', [24, 46, 71, 85, 53, 94, 72, 44, 32, 89, 19, 110, 107, 29, 117, 85, 119, 87, 103, 71, 50]), array('b', [24, 50, 29, 85, 53, 94, 71, 44, 32, 89, 19, 104, 107, 61, 117, 101, 20, 119, 103, 72, 50]), array('b', [24, 46, 85, 101, 37, 55, 72, 29, 32, 89, 19, 117, 107, 44, 103, 105, 119, 87, 104, 85, 50])]
------------------------------
Generation 4 statistics
          Min: 17281.0
          Max: 25111.0
          Avg: 20309.7
          Std: 1829.5838023987822
  Improvement: 7.74117772676312
------------------------------
Selected individuals:
[array('b', [24, 46, 94, 72, 53, 105, 5, 29, 32, 107, 19, 104, 87, 29, 117, 101, 119, 89, 103, 71, 50]), array('b', [24, 50, 29, 85, 53, 94, 72, 44, 89, 32, 19, 104, 87, 29, 117, 101, 119, 107, 103, 72, 50]), array('b', [46, 24, 94, 72, 53, 105, 72, 29, 32, 89, 19, 117, 85, 44, 103, 105, 119, 87, 104, 107, 50]), array('b', [24, 46, 71, 85, 53, 94, 72, 44, 32, 89, 19, 110, 107, 29, 117, 105, 119, 87, 103, 71, 50]), array('b', [24, 46, 72, 53, 85, 94, 71, 50, 32, 89, 19, 110, 107, 29, 117, 103, 119, 87, 85, 71, 44])]
------------------------------
Generation 5 statistics
          Min: 16985.0
          Max: 23356.0
          Avg: 19640.82
          Std: 1676.0125738191987
  Improvement: 9.321445731674764
------------------------------
Selected individuals:
[array('b', [24, 46, 71, 85, 53, 72, 94, 44, 32, 89, 19, 104, 87, 29, 117, 101, 119, 107, 103, 72, 50]), array('b', [24, 46, 94, 72, 53, 105, 5, 29, 32, 89, 19, 110, 107, 29, 117, 105, 119, 89, 103, 71, 50]), array('b', [24, 46, 29, 85, 53, 94, 72, 44, 87, 32, 19, 104, 87, 29, 117, 101, 119, 89, 85, 71, 44]), array('b', [24, 46, 29, 85, 53, 94, 72, 44, 89, 32, 19, 104, 87, 29, 117, 101, 119, 89, 103, 71, 50]), array('b', [24, 46, 72, 53, 85, 107, 71, 50, 87, 89, 19, 110, 94, 29, 117, 103, 119, 32, 104, 107, 44])]
------------------------------
Generation 6 statistics
          Min: 16863.0
          Max: 22527.0
          Avg: 19267.04
          Std: 1554.1243703127416
  Improvement: 9.972772409374834
------------------------------
Selected individuals:
[array('b', [24, 46, 71, 85, 53, 72, 94, 44, 32, 89, 19, 104, 87, 29, 117, 101, 119, 107, 103, 107, 44]), array('b', [24, 46, 71, 85, 72, 53, 94, 44, 32, 89, 19, 104, 87, 29, 117, 101, 119, 89, 103, 71, 50]), array('b', [24, 46, 71, 85, 29, 105, 5, 53, 32, 89, 19, 104, 87, 29, 117, 101, 119, 107, 103, 72, 50]), array('b', [24, 46, 72, 85, 44, 94, 72, 53, 87, 32, 19, 104, 87, 29, 117, 101, 119, 89, 85, 71, 44]), array('b', [24, 46, 72, 53, 85, 107, 71, 32, 110, 89, 50, 105, 89, 29, 117, 19, 119, 107, 103, 71, 50])]
------------------------------
Generation 7 statistics
          Min: 16710.0
          Max: 23168.0
          Avg: 19309.42
          Std: 1875.211199731919
  Improvement: 10.789600128129837
------------------------------
Selected individuals:
[array('b', [24, 46, 71, 85, 85, 107, 71, 53, 32, 89, 19, 104, 87, 29, 117, 101, 119, 107, 103, 72, 50]), array('b', [24, 46, 71, 85, 53, 72, 94, 44, 32, 89, 50, 104, 87, 29, 117, 101, 119, 107, 103, 107, 44]), array('b', [24, 46, 71, 85, 53, 72, 94, 44, 32, 89, 19, 104, 87, 29, 117, 101, 119, 107, 103, 107, 44]), array('b', [24, 46, 71, 85, 53, 72, 101, 44, 32, 89, 19, 104, 87, 29, 117, 94, 119, 107, 103, 107, 44]), array('b', [117, 46, 71, 85, 44, 94, 44, 53, 87, 32, 19, 104, 87, 29, 103, 101, 119, 107, 24, 107, 72])]
------------------------------
Generation 8 statistics
          Min: 16563.0
          Max: 23553.0
          Avg: 19008.94
          Std: 1931.1803686864837
  Improvement: 11.574395387325824
------------------------------
Selected individuals:
[array('b', [24, 46, 71, 85, 44, 94, 44, 53, 87, 32, 19, 104, 87, 29, 117, 94, 119, 107, 103, 107, 44]), array('b', [117, 46, 71, 85, 44, 94, 72, 53, 87, 32, 19, 104, 87, 29, 103, 101, 119, 107, 103, 107, 44]), array('b', [24, 46, 71, 85, 85, 107, 71, 53, 32, 89, 19, 104, 87, 29, 117, 101, 119, 107, 103, 72, 50]), array('b', [24, 46, 71, 85, 53, 72, 94, 44, 32, 89, 50, 104, 87, 29, 117, 94, 119, 107, 103, 107, 44]), array('b', [24, 46, 107, 85, 53, 87, 94, 44, 32, 89, 50, 104, 72, 29, 117, 101, 119, 71, 103, 107, 44])]
------------------------------
Generation 9 statistics
          Min: 16530.0
          Max: 23882.0
          Avg: 19012.7
          Std: 2122.031642082644
  Improvement: 11.750573914900432
------------------------------
Selected individuals:
[array('b', [117, 46, 71, 85, 53, 72, 94, 44, 32, 89, 50, 104, 87, 29, 103, 101, 119, 107, 103, 107, 44]), array('b', [24, 46, 107, 85, 44, 94, 44, 53, 87, 32, 19, 104, 87, 29, 117, 94, 119, 107, 103, 107, 44]), array('b', [117, 46, 71, 85, 44, 53, 72, 94, 87, 32, 19, 104, 87, 29, 103, 101, 119, 107, 103, 107, 44]), array('b', [24, 46, 71, 94, 53, 72, 44, 53, 87, 32, 19, 107, 87, 29, 117, 85, 119, 104, 103, 107, 94]), array('b', [24, 46, 71, 85, 53, 72, 94, 53, 32, 89, 19, 104, 87, 29, 117, 101, 119, 107, 103, 107, 44])]
------------------------------
Generation 10 statistics
          Min: 15977.0
          Max: 24460.0
          Avg: 18541.7
          Std: 2174.1950349497056
  Improvement: 14.702898937590092
------------------------------
Selected individuals:
[array('b', [117, 46, 71, 85, 53, 72, 44, 53, 29, 89, 19, 104, 87, 32, 103, 101, 119, 107, 103, 107, 94]), array('b', [117, 46, 71, 85, 44, 53, 32, 72, 87, 94, 50, 104, 87, 29, 103, 101, 119, 107, 103, 107, 44]), array('b', [117, 46, 87, 85, 44, 53, 72, 94, 71, 89, 19, 104, 87, 29, 117, 107, 119, 107, 103, 101, 44]), array('b', [117, 46, 71, 85, 44, 94, 44, 53, 87, 32, 19, 104, 87, 29, 117, 94, 119, 107, 103, 107, 44]), array('b', [117, 46, 71, 85, 53, 44, 94, 44, 32, 89, 50, 104, 87, 29, 117, 85, 119, 103, 107, 107, 72])]
72143.0
[4, 45, 18, 117]
Timtestep: 4
------------------------------
Generation 1 statistics
          Min: 19496.0
          Max: 25898.0
          Avg: 22480.7
          Std: 1550.4410759522502
  Improvement: 0.0
------------------------------
Selected individuals:
[array('b', [5, 75, 83, 86, 57, 6, 116, 119, 91, 80, 10, 32, 41, 100, 62, 58, 29, 43, 1, 106, 25]), array('b', [101, 62, 31, 101, 18, 119, 67, 35, 115, 8, 99, 19, 119, 102, 41, 48, 70, 71, 31, 2, 22]), array('b', [2, 55, 104, 118, 47, 91, 43, 19, 45, 11, 78, 32, 66, 52, 28, 77, 108, 95, 80, 4, 73]), array('b', [36, 26, 17, 61, 40, 5, 24, 19, 55, 14, 58, 110, 115, 30, 13, 21, 80, 35, 109, 92, 16]), array('b', [22, 80, 27, 16, 79, 85, 115, 14, 60, 12, 116, 88, 17, 113, 91, 3, 113, 54, 35, 110, 71])]
------------------------------
Generation 2 statistics
          Min: 18169.0
          Max: 25989.0
          Avg: 21254.92
          Std: 1593.4373767425182
  Improvement: 6.806524415264669
------------------------------
Selected individuals:
[array('b', [36, 26, 17, 61, 40, 5, 24, 19, 55, 109, 10, 32, 41, 100, 62, 58, 29, 43, 14, 92, 16]), array('b', [2, 55, 104, 118, 47, 91, 43, 78, 45, 11, 19, 32, 66, 52, 13, 21, 80, 35, 109, 92, 16]), array('b', [22, 80, 27, 12, 79, 85, 115, 14, 60, 88, 116, 16, 17, 113, 91, 3, 29, 43, 1, 110, 71]), array('b', [36, 26, 17, 61, 40, 5, 24, 19, 60, 12, 58, 110, 115, 30, 13, 80, 21, 35, 109, 92, 16]), array('b', [17, 26, 61, 36, 40, 5, 24, 19, 115, 8, 99, 110, 115, 30, 13, 21, 80, 35, 109, 92, 16])]
------------------------------
Generation 3 statistics
          Min: 16441.0
          Max: 26097.0
          Avg: 19962.4
          Std: 1720.9168602811624
  Improvement: 15.669881001231023
------------------------------
Selected individuals:
[array('b', [36, 80, 27, 12, 79, 85, 115, 14, 58, 109, 10, 32, 41, 100, 62, 55, 29, 43, 14, 92, 16]), array('b', [36, 26, 17, 61, 16, 5, 24, 19, 115, 8, 99, 110, 115, 30, 13, 80, 21, 35, 109, 92, 40]), array('b', [36, 26, 61, 16, 109, 5, 24, 19, 60, 3, 116, 17, 17, 113, 91, 88, 21, 35, 40, 92, 16]), array('b', [22, 26, 27, 12, 79, 85, 115, 14, 60, 110, 116, 16, 17, 113, 91, 71, 29, 43, 1, 88, 3]), array('b', [17, 26, 61, 36, 40, 5, 30, 19, 115, 8, 19, 32, 66, 24, 13, 21, 80, 35, 109, 92, 16])]
------------------------------
Generation 4 statistics
          Min: 15948.0
          Max: 24045.0
          Avg: 19135.52
          Std: 1974.098378906168
  Improvement: 18.198604842018877
------------------------------
Selected individuals:
[array('b', [36, 80, 27, 12, 40, 85, 115, 14, 58, 109, 10, 32, 41, 100, 62, 55, 29, 43, 14, 92, 16]), array('b', [36, 26, 66, 36, 40, 61, 5, 19, 115, 8, 19, 32, 30, 24, 13, 80, 21, 35, 109, 92, 40]), array('b', [36, 80, 27, 19, 32, 5, 43, 36, 115, 8, 19, 40, 41, 100, 62, 55, 29, 30, 14, 92, 16]), array('b', [36, 5, 61, 16, 109, 26, 24, 19, 35, 3, 116, 17, 17, 113, 91, 88, 21, 60, 40, 92, 16]), array('b', [22, 26, 27, 12, 79, 85, 115, 14, 60, 116, 110, 16, 17, 113, 91, 71, 29, 43, 1, 88, 3])]
------------------------------
Generation 5 statistics
          Min: 16285.0
          Max: 23111.0
          Avg: 18737.76
          Std: 1720.7058965436456
  Improvement: 16.470045137464094
------------------------------
Selected individuals:
[array('b', [36, 5, 19, 16, 109, 26, 24, 61, 35, 3, 116, 32, 30, 24, 13, 80, 21, 35, 109, 92, 40]), array('b', [22, 26, 27, 12, 79, 85, 115, 14, 58, 109, 10, 32, 41, 113, 91, 71, 29, 43, 1, 3, 88]), array('b', [36, 5, 92, 16, 109, 26, 58, 14, 24, 109, 14, 32, 41, 100, 62, 55, 29, 43, 10, 16, 61]), array('b', [36, 26, 66, 36, 40, 61, 115, 14, 58, 109, 10, 32, 41, 24, 13, 80, 21, 35, 109, 92, 40]), array('b', [36, 26, 66, 36, 40, 61, 5, 19, 115, 8, 19, 32, 30, 24, 13, 80, 21, 35, 109, 92, 40])]
------------------------------
Generation 6 statistics
          Min: 15489.0
          Max: 24781.0
          Avg: 18496.94
          Std: 1989.8677384188284
  Improvement: 20.552933935166187
------------------------------
Selected individuals:
[array('b', [22, 12, 27, 26, 79, 85, 115, 14, 58, 109, 10, 32, 41, 113, 91, 71, 29, 43, 1, 3, 88]), array('b', [30, 5, 19, 16, 109, 26, 24, 61, 35, 3, 116, 32, 36, 24, 13, 80, 21, 35, 109, 92, 40]), array('b', [36, 5, 92, 16, 109, 26, 58, 14, 24, 109, 14, 32, 41, 100, 62, 61, 29, 43, 10, 16, 55]), array('b', [22, 26, 27, 12, 79, 85, 115, 109, 58, 14, 3, 32, 41, 113, 91, 71, 29, 43, 10, 1, 88]), array('b', [36, 26, 66, 36, 40, 61, 115, 14, 58, 109, 10, 32, 41, 24, 13, 80, 21, 35, 109, 92, 40])]
------------------------------
Generation 7 statistics
          Min: 16031.0
          Max: 23882.0
          Avg: 18911.98
          Std: 2043.4044581531148
  Improvement: 17.772876487484613
------------------------------
Selected individuals:
[array('b', [22, 3, 19, 16, 109, 26, 24, 61, 35, 3, 116, 32, 43, 24, 1, 80, 29, 36, 13, 5, 88]), array('b', [22, 26, 27, 12, 79, 85, 115, 14, 58, 109, 10, 32, 41, 113, 91, 71, 29, 43, 1, 3, 88]), array('b', [22, 26, 66, 36, 41, 85, 115, 109, 58, 14, 3, 32, 40, 113, 91, 71, 29, 43, 10, 1, 88]), array('b', [36, 5, 92, 26, 109, 26, 58, 14, 24, 109, 14, 32, 41, 100, 62, 61, 29, 43, 10, 16, 55]), array('b', [36, 26, 58, 109, 109, 26, 24, 14, 66, 109, 10, 32, 41, 24, 13, 80, 21, 35, 36, 92, 40])]
------------------------------
Generation 8 statistics
          Min: 15386.0
          Max: 25538.0
          Avg: 18676.78
          Std: 2421.170661395039
  Improvement: 21.08124743537136
------------------------------
Selected individuals:
[array('b', [36, 26, 58, 66, 109, 26, 24, 14, 109, 109, 10, 32, 41, 24, 13, 80, 21, 35, 36, 92, 40]), array('b', [29, 116, 19, 16, 109, 26, 24, 61, 35, 3, 3, 32, 40, 113, 91, 71, 22, 43, 10, 1, 88]), array('b', [22, 26, 19, 29, 109, 26, 24, 61, 1, 3, 116, 32, 43, 113, 91, 71, 16, 43, 35, 3, 88]), array('b', [22, 12, 27, 26, 79, 85, 115, 14, 58, 109, 10, 32, 41, 100, 62, 61, 29, 43, 1, 3, 88]), array('b', [22, 26, 27, 12, 79, 85, 115, 14, 58, 109, 10, 32, 41, 113, 91, 71, 29, 43, 1, 3, 88])]
------------------------------
Generation 9 statistics
          Min: 15339.0
          Max: 24907.0
          Avg: 18459.62
          Std: 2389.28223439593
  Improvement: 21.322322527697988
------------------------------
Selected individuals:
[array('b', [36, 26, 58, 66, 109, 26, 24, 61, 35, 109, 10, 32, 41, 24, 13, 80, 21, 35, 36, 92, 40]), array('b', [22, 26, 19, 26, 79, 85, 115, 14, 58, 109, 10, 32, 43, 113, 91, 71, 16, 43, 35, 3, 88]), array('b', [22, 26, 19, 14, 109, 85, 115, 29, 58, 109, 10, 32, 41, 113, 91, 71, 29, 43, 35, 3, 88]), array('b', [29, 116, 19, 16, 109, 26, 24, 61, 35, 3, 3, 32, 40, 113, 91, 71, 22, 43, 10, 1, 88]), array('b', [29, 116, 19, 16, 109, 26, 24, 61, 1, 3, 116, 32, 43, 113, 91, 71, 22, 43, 10, 1, 88])]
------------------------------
Generation 10 statistics
          Min: 15339.0
          Max: 23300.0
          Avg: 18050.84
          Std: 1877.8470796100494
  Improvement: 21.322322527697988
------------------------------
Selected individuals:
[array('b', [36, 26, 58, 66, 109, 26, 24, 61, 35, 109, 10, 32, 41, 24, 13, 80, 21, 35, 36, 92, 40]), array('b', [22, 26, 19, 26, 71, 85, 115, 14, 58, 109, 10, 32, 43, 113, 91, 79, 16, 43, 35, 3, 88]), array('b', [22, 26, 58, 14, 109, 85, 115, 29, 19, 109, 10, 32, 41, 113, 91, 71, 16, 43, 35, 3, 88]), array('b', [29, 116, 19, 16, 109, 85, 115, 29, 88, 3, 116, 32, 43, 113, 91, 71, 22, 43, 10, 1, 1]), array('b', [22, 26, 113, 26, 79, 85, 24, 61, 35, 109, 10, 32, 43, 19, 91, 71, 16, 43, 35, 3, 88])]
87482.0
[4, 45, 18, 117, 36]
Timtestep: 5
------------------------------
Generation 1 statistics
          Min: 18532.0
          Max: 27626.0
          Avg: 23468.64
          Std: 1799.8791043845217
  Improvement: 0.0
------------------------------
Selected individuals:
[array('b', [1, 32, 36, 65, 29, 71, 114, 27, 85, 74, 29, 34, 35, 9, 97, 85, 29, 23, 5, 3, 94]), array('b', [64, 61, 114, 44, 74, 94, 57, 12, 69, 3, 78, 20, 118, 67, 0, 26, 92, 118, 110, 113, 61]), array('b', [4, 35, 100, 12, 23, 113, 48, 91, 68, 31, 86, 84, 84, 79, 101, 31, 55, 103, 91, 76, 39]), array('b', [1, 11, 71, 39, 16, 74, 60, 106, 91, 41, 102, 74, 49, 5, 4, 88, 66, 50, 27, 21, 9]), array('b', [1, 108, 39, 34, 70, 93, 12, 19, 16, 18, 108, 59, 85, 85, 40, 6, 29, 39, 15, 44, 79])]
------------------------------
Generation 2 statistics
          Min: 19604.0
          Max: 26004.0
          Avg: 21999.22
          Std: 1370.0149238603035
  Improvement: -5.784588819339521
------------------------------
Selected individuals:
[array('b', [1, 32, 36, 12, 23, 113, 114, 27, 85, 74, 29, 34, 35, 9, 97, 85, 29, 23, 5, 3, 94]), array('b', [4, 35, 100, 3, 23, 113, 48, 12, 78, 12, 69, 84, 84, 101, 79, 39, 55, 103, 91, 76, 31]), array('b', [64, 61, 114, 44, 74, 94, 57, 12, 69, 3, 78, 20, 118, 67, 0, 26, 92, 118, 110, 113, 61]), array('b', [1, 108, 39, 71, 70, 27, 114, 85, 34, 74, 29, 34, 35, 9, 97, 85, 29, 39, 15, 44, 79]), array('b', [4, 35, 100, 12, 23, 31, 48, 91, 113, 31, 86, 84, 84, 79, 101, 68, 55, 76, 91, 103, 39])]
------------------------------
Generation 3 statistics
          Min: 19263.0
          Max: 24528.0
          Avg: 21359.96
          Std: 1301.382033993101
  Improvement: -3.9445283833369307
------------------------------
Selected individuals:
[array('b', [4, 35, 100, 12, 23, 31, 48, 91, 113, 31, 86, 84, 84, 79, 101, 68, 55, 76, 91, 76, 31]), array('b', [4, 35, 36, 12, 113, 113, 48, 91, 23, 55, 86, 84, 84, 79, 101, 68, 31, 76, 91, 103, 39]), array('b', [1, 32, 36, 12, 23, 113, 114, 27, 85, 74, 29, 34, 35, 9, 97, 85, 29, 23, 5, 3, 94]), array('b', [4, 76, 100, 3, 31, 113, 48, 12, 69, 3, 78, 20, 118, 67, 23, 26, 92, 118, 110, 35, 0]), array('b', [1, 35, 100, 3, 23, 113, 48, 27, 97, 74, 29, 34, 35, 9, 85, 85, 29, 23, 5, 3, 94])]
------------------------------
Generation 4 statistics
          Min: 18507.0
          Max: 24600.0
          Avg: 21253.16
          Std: 1471.313948278896
  Improvement: 0.13490179149579107
------------------------------
Selected individuals:
[array('b', [4, 76, 100, 12, 113, 113, 48, 91, 23, 101, 86, 84, 84, 79, 55, 68, 31, 76, 91, 103, 39]), array('b', [1, 27, 36, 12, 23, 113, 114, 32, 85, 55, 86, 84, 84, 79, 101, 68, 31, 76, 5, 3, 94]), array('b', [4, 35, 100, 12, 23, 31, 48, 91, 113, 31, 79, 84, 84, 86, 101, 68, 55, 76, 91, 76, 31]), array('b', [1, 23, 36, 12, 32, 113, 114, 27, 85, 74, 29, 34, 35, 9, 97, 85, 29, 23, 5, 3, 94]), array('b', [4, 76, 3, 100, 113, 113, 48, 91, 23, 55, 86, 84, 84, 79, 101, 68, 31, 118, 110, 35, 0])]
------------------------------
Generation 5 statistics
          Min: 18197.0
          Max: 24311.0
          Avg: 20581.6
          Std: 1580.9412765817876
  Improvement: 1.8076840060436004
------------------------------
Selected individuals:
[array('b', [4, 76, 100, 12, 113, 113, 48, 91, 113, 31, 68, 84, 84, 86, 101, 79, 55, 76, 91, 76, 31]), array('b', [4, 76, 3, 101, 113, 113, 84, 91, 23, 55, 86, 48, 84, 79, 100, 68, 31, 118, 110, 35, 0]), array('b', [4, 84, 100, 12, 23, 113, 114, 32, 85, 101, 86, 84, 76, 79, 55, 68, 31, 76, 91, 103, 39]), array('b', [4, 76, 3, 100, 113, 113, 48, 91, 23, 86, 55, 84, 84, 79, 101, 68, 31, 76, 5, 3, 94]), array('b', [1, 27, 36, 12, 23, 113, 48, 91, 23, 55, 86, 84, 84, 79, 101, 68, 31, 76, 5, 3, 94])]
------------------------------
Generation 6 statistics
          Min: 18223.0
          Max: 24924.0
          Avg: 20239.78
          Std: 1597.0812539129179
  Improvement: 1.6673861428879775
------------------------------
Selected individuals:
[array('b', [4, 76, 100, 12, 23, 113, 114, 32, 85, 101, 86, 84, 76, 79, 55, 68, 31, 76, 110, 35, 0]), array('b', [4, 76, 3, 100, 113, 113, 48, 91, 23, 55, 86, 84, 84, 79, 101, 68, 31, 76, 5, 3, 94]), array('b', [118, 76, 3, 101, 113, 23, 84, 91, 113, 55, 86, 48, 84, 79, 100, 68, 31, 4, 110, 35, 0]), array('b', [4, 84, 100, 12, 113, 113, 48, 91, 113, 31, 68, 84, 84, 86, 101, 79, 55, 76, 91, 76, 39]), array('b', [4, 76, 3, 100, 113, 113, 48, 91, 23, 55, 86, 48, 84, 79, 100, 68, 31, 118, 5, 3, 94])]
------------------------------
Generation 7 statistics
          Min: 17754.0
          Max: 23961.0
          Avg: 20454.02
          Std: 1658.1772220121652
  Improvement: 4.198143751349018
------------------------------
Selected individuals:
[array('b', [118, 76, 3, 101, 113, 31, 84, 91, 5, 55, 86, 48, 84, 79, 94, 68, 23, 76, 113, 3, 101]), array('b', [4, 76, 3, 100, 3, 113, 114, 32, 86, 101, 85, 84, 76, 79, 55, 68, 31, 76, 5, 113, 94]), array('b', [4, 76, 100, 12, 23, 113, 76, 91, 113, 55, 86, 48, 84, 79, 55, 68, 31, 114, 110, 35, 0]), array('b', [4, 76, 100, 0, 23, 113, 114, 91, 23, 55, 86, 84, 76, 79, 55, 68, 31, 76, 110, 35, 12]), array('b', [118, 76, 3, 101, 23, 113, 84, 91, 113, 55, 86, 48, 84, 79, 100, 68, 31, 118, 5, 3, 0])]
------------------------------
Generation 8 statistics
          Min: 17670.0
          Max: 24582.0
          Avg: 20183.14
          Std: 1888.1209708066956
  Improvement: 4.651413770774876
------------------------------
Selected individuals:
[array('b', [0, 55, 100, 4, 23, 113, 114, 32, 23, 55, 86, 84, 76, 79, 76, 68, 31, 76, 110, 35, 12]), array('b', [118, 76, 100, 0, 23, 113, 114, 91, 23, 55, 101, 84, 76, 79, 55, 68, 31, 76, 110, 3, 86]), array('b', [4, 76, 3, 100, 114, 113, 3, 32, 86, 101, 85, 84, 76, 79, 55, 68, 31, 76, 5, 113, 94]), array('b', [118, 76, 3, 101, 113, 31, 86, 91, 5, 55, 94, 48, 84, 79, 84, 68, 23, 76, 113, 3, 101]), array('b', [76, 76, 3, 101, 23, 113, 84, 91, 113, 55, 86, 48, 84, 79, 94, 68, 23, 118, 113, 3, 0])]
------------------------------
Generation 9 statistics
          Min: 17510.0
          Max: 24600.0
          Avg: 20206.34
          Std: 1871.3858780059177
  Improvement: 5.514785236347938
------------------------------
Selected individuals:
[array('b', [4, 76, 3, 4, 23, 113, 114, 32, 23, 55, 86, 84, 76, 79, 76, 68, 31, 76, 5, 113, 94]), array('b', [4, 76, 3, 101, 113, 31, 86, 91, 5, 55, 85, 84, 76, 76, 55, 68, 31, 79, 5, 113, 94]), array('b', [0, 55, 100, 4, 23, 113, 114, 32, 23, 55, 86, 84, 76, 79, 76, 68, 31, 76, 110, 35, 12]), array('b', [118, 76, 100, 0, 23, 113, 114, 91, 23, 55, 101, 84, 76, 79, 55, 68, 31, 76, 110, 3, 86]), array('b', [118, 76, 100, 0, 23, 91, 114, 113, 23, 55, 101, 84, 76, 79, 55, 68, 31, 76, 113, 3, 86])]
------------------------------
Generation 10 statistics
          Min: 17238.0
          Max: 24630.0
          Avg: 19654.9
          Std: 2055.35642894364
  Improvement: 6.982516727822145
------------------------------
Selected individuals:
[array('b', [118, 76, 100, 0, 23, 91, 113, 32, 23, 55, 86, 84, 76, 79, 76, 68, 31, 76, 114, 3, 86]), array('b', [4, 55, 100, 4, 23, 113, 114, 32, 23, 55, 86, 84, 76, 79, 76, 68, 31, 76, 5, 113, 94]), array('b', [4, 76, 3, 101, 113, 31, 86, 91, 5, 55, 85, 84, 76, 79, 76, 68, 31, 79, 5, 113, 94]), array('b', [118, 76, 100, 0, 23, 113, 114, 32, 23, 55, 86, 84, 76, 79, 76, 68, 31, 76, 110, 3, 86]), array('b', [118, 76, 100, 0, 23, 114, 91, 113, 55, 23, 101, 84, 76, 79, 55, 68, 31, 76, 113, 113, 86])]
104720.0
[4, 45, 18, 117, 36, 118]
Timtestep: 6
------------------------------
Generation 1 statistics
          Min: 19002.0
          Max: 26574.0
          Avg: 22701.72
          Std: 1567.5524621523634
  Improvement: 0.0
------------------------------
Selected individuals:
[array('b', [60, 71, 89, 40, 118, 59, 113, 6, 19, 65, 32, 75, 77, 110, 68, 84, 33, 99, 85, 13, 102]), array('b', [6, 17, 29, 23, 45, 84, 68, 80, 71, 54, 55, 58, 37, 116, 82, 10, 40, 116, 26, 14, 7]), array('b', [90, 69, 61, 98, 105, 73, 66, 17, 74, 119, 90, 41, 60, 90, 109, 84, 97, 81, 44, 52, 47]), array('b', [23, 113, 71, 79, 101, 67, 68, 11, 42, 28, 34, 26, 45, 36, 119, 107, 44, 49, 4, 19, 92]), array('b', [0, 3, 53, 41, 31, 24, 94, 35, 3, 47, 114, 87, 118, 12, 30, 82, 104, 91, 84, 85, 60])]
------------------------------
Generation 2 statistics
          Min: 18826.0
          Max: 25682.0
          Avg: 21212.06
          Std: 1444.839055535223
  Improvement: 0.926218292811283
------------------------------
Selected individuals:
[array('b', [0, 3, 53, 41, 31, 24, 94, 6, 19, 65, 32, 85, 77, 110, 68, 84, 33, 99, 85, 75, 60]), array('b', [90, 69, 61, 98, 82, 73, 66, 17, 74, 119, 52, 41, 60, 90, 109, 105, 97, 81, 44, 90, 47]), array('b', [90, 69, 61, 98, 90, 73, 68, 80, 71, 81, 55, 58, 60, 105, 109, 84, 97, 54, 44, 52, 47]), array('b', [6, 14, 29, 23, 45, 84, 68, 80, 42, 28, 7, 26, 45, 36, 119, 10, 40, 116, 26, 17, 34]), array('b', [6, 17, 29, 23, 45, 84, 68, 44, 71, 54, 55, 58, 37, 116, 82, 10, 40, 116, 80, 14, 7])]
------------------------------
Generation 3 statistics
          Min: 18763.0
          Max: 23059.0
          Avg: 20341.0
          Std: 1135.554366818264
  Improvement: 1.2577623408062308
------------------------------
Selected individuals:
[array('b', [6, 23, 29, 14, 45, 84, 68, 80, 42, 54, 55, 26, 45, 36, 119, 10, 40, 116, 26, 17, 34]), array('b', [0, 3, 53, 41, 31, 24, 94, 32, 33, 65, 6, 85, 77, 110, 68, 60, 19, 99, 85, 75, 84]), array('b', [6, 17, 29, 23, 71, 84, 68, 44, 45, 54, 55, 58, 45, 36, 119, 10, 40, 116, 80, 14, 7]), array('b', [0, 31, 19, 41, 110, 24, 94, 6, 53, 65, 32, 85, 77, 3, 68, 84, 40, 116, 26, 17, 34]), array('b', [6, 17, 29, 23, 45, 24, 94, 6, 19, 65, 32, 85, 77, 110, 68, 84, 33, 99, 85, 75, 60])]
------------------------------
Generation 4 statistics
          Min: 17926.0
          Max: 23558.0
          Avg: 20629.66
          Std: 1448.085641251924
  Improvement: 5.662561835596253
------------------------------
Selected individuals:
[array('b', [7, 17, 29, 23, 32, 84, 68, 44, 45, 54, 71, 85, 77, 3, 119, 10, 40, 116, 80, 14, 6]), array('b', [6, 17, 29, 41, 110, 24, 94, 6, 53, 65, 32, 85, 99, 3, 68, 84, 40, 77, 85, 75, 60]), array('b', [65, 17, 29, 23, 45, 24, 94, 60, 33, 6, 6, 85, 77, 110, 68, 6, 19, 99, 85, 75, 60]), array('b', [6, 23, 29, 14, 45, 84, 68, 80, 42, 54, 55, 26, 45, 36, 119, 10, 40, 116, 26, 17, 34]), array('b', [6, 23, 29, 14, 84, 40, 68, 6, 53, 65, 55, 26, 45, 36, 119, 10, 45, 116, 26, 17, 34])]
------------------------------
Generation 5 statistics
          Min: 17279.0
          Max: 23442.0
          Avg: 20139.78
          Std: 1415.0766804664747
  Improvement: 9.067466582465004
------------------------------
Selected individuals:
[array('b', [7, 17, 45, 23, 32, 84, 68, 44, 29, 54, 71, 85, 77, 3, 119, 10, 40, 99, 80, 14, 6]), array('b', [65, 17, 29, 23, 45, 24, 94, 60, 33, 19, 6, 85, 77, 3, 119, 6, 6, 99, 85, 75, 60]), array('b', [7, 17, 84, 23, 32, 29, 68, 44, 45, 54, 71, 85, 77, 3, 119, 10, 40, 77, 85, 75, 6]), array('b', [6, 23, 29, 55, 54, 84, 68, 80, 36, 45, 14, 26, 45, 26, 119, 10, 40, 116, 42, 17, 60]), array('b', [6, 17, 29, 41, 110, 24, 85, 6, 53, 6, 6, 85, 99, 3, 68, 75, 40, 77, 94, 84, 60])]
------------------------------
Generation 6 statistics
          Min: 16293.0
          Max: 24165.0
          Avg: 19796.74
          Std: 1750.1605961739442
  Improvement: 14.256394063782759
------------------------------
Selected individuals:
[array('b', [65, 17, 29, 55, 54, 84, 68, 80, 36, 45, 14, 85, 77, 3, 119, 6, 6, 99, 85, 75, 60]), array('b', [6, 17, 41, 29, 110, 24, 60, 85, 33, 6, 6, 85, 77, 3, 119, 6, 19, 99, 85, 84, 60]), array('b', [7, 23, 45, 71, 14, 84, 68, 80, 29, 54, 17, 85, 77, 3, 119, 10, 40, 99, 80, 54, 6]), array('b', [7, 17, 45, 23, 32, 29, 68, 44, 45, 54, 71, 85, 77, 3, 119, 10, 40, 99, 80, 14, 6]), array('b', [7, 17, 45, 23, 32, 84, 68, 44, 29, 54, 71, 85, 77, 3, 119, 10, 40, 77, 85, 14, 6])]
------------------------------
Generation 7 statistics
          Min: 16430.0
          Max: 24574.0
          Avg: 19319.22
          Std: 2138.9130257212223
  Improvement: 13.535417324492158
------------------------------
Selected individuals:
[array('b', [7, 17, 29, 55, 54, 84, 68, 80, 36, 45, 14, 85, 77, 3, 119, 6, 6, 99, 85, 75, 60]), array('b', [65, 33, 29, 55, 54, 24, 60, 85, 17, 6, 14, 85, 77, 3, 119, 6, 6, 99, 85, 75, 60]), array('b', [29, 23, 45, 71, 14, 84, 68, 80, 7, 54, 17, 85, 77, 3, 119, 10, 40, 99, 80, 14, 6]), array('b', [77, 17, 45, 23, 32, 24, 60, 85, 33, 6, 6, 85, 77, 3, 119, 10, 40, 7, 85, 14, 6]), array('b', [6, 17, 45, 23, 32, 29, 68, 44, 45, 54, 19, 85, 77, 3, 119, 6, 71, 99, 85, 84, 60])]
------------------------------
Generation 8 statistics
          Min: 15351.0
          Max: 23895.0
          Avg: 18658.38
          Std: 1973.628261755482
  Improvement: 19.213766971897694
------------------------------
Selected individuals:
[array('b', [77, 17, 45, 33, 6, 24, 60, 85, 32, 23, 6, 85, 77, 3, 119, 6, 6, 99, 85, 14, 6]), array('b', [77, 17, 45, 23, 32, 24, 60, 85, 17, 6, 14, 85, 77, 3, 119, 6, 6, 99, 85, 14, 6]), array('b', [65, 33, 29, 55, 54, 24, 60, 85, 33, 6, 6, 85, 77, 3, 119, 6, 6, 99, 85, 75, 60]), array('b', [29, 23, 45, 71, 54, 24, 60, 85, 7, 54, 17, 85, 77, 3, 119, 10, 40, 99, 80, 14, 6]), array('b', [6, 17, 29, 55, 54, 84, 68, 80, 36, 45, 14, 85, 77, 3, 119, 6, 6, 99, 85, 75, 60])]
------------------------------
Generation 9 statistics
          Min: 15351.0
          Max: 22988.0
          Avg: 18451.6
          Std: 2188.06493505108
  Improvement: 19.213766971897694
------------------------------
Selected individuals:
[array('b', [77, 17, 45, 33, 6, 24, 60, 85, 32, 23, 6, 85, 77, 3, 119, 6, 6, 99, 85, 14, 6]), array('b', [77, 17, 45, 33, 6, 24, 60, 85, 32, 6, 14, 85, 77, 3, 119, 6, 6, 99, 85, 14, 6]), array('b', [29, 23, 29, 55, 54, 40, 60, 85, 33, 6, 6, 85, 77, 3, 119, 6, 24, 99, 80, 14, 6]), array('b', [77, 17, 45, 71, 54, 24, 60, 85, 7, 54, 17, 85, 77, 3, 119, 6, 6, 99, 85, 14, 6]), array('b', [6, 17, 29, 55, 54, 24, 60, 85, 33, 6, 6, 85, 77, 3, 119, 6, 6, 99, 85, 75, 60])]
------------------------------
Generation 10 statistics
          Min: 15257.0
          Max: 24138.0
          Avg: 18687.64
          Std: 2441.3854161930285
  Improvement: 19.708451741921902
------------------------------
Selected individuals:
[array('b', [77, 17, 29, 55, 54, 24, 60, 85, 33, 23, 6, 85, 77, 3, 119, 6, 6, 99, 85, 14, 6]), array('b', [77, 17, 45, 55, 54, 40, 60, 85, 33, 6, 6, 85, 77, 3, 119, 6, 6, 99, 85, 14, 6]), array('b', [77, 17, 29, 55, 54, 40, 60, 85, 33, 6, 6, 85, 77, 3, 119, 6, 24, 99, 85, 14, 6]), array('b', [77, 17, 6, 33, 45, 24, 60, 85, 32, 23, 6, 85, 77, 3, 119, 6, 6, 99, 85, 14, 6]), array('b', [77, 17, 45, 33, 6, 24, 60, 85, 7, 54, 17, 85, 77, 3, 119, 6, 6, 99, 85, 14, 6])]
119977.0
[4, 45, 18, 117, 36, 118, 77]
Timtestep: 7
------------------------------
Generation 1 statistics
          Min: 14178.0
          Max: 21172.0
          Avg: 18124.7
          Std: 1883.3106090074373
  Improvement: 0.0
------------------------------
Selected individuals:
[array('b', [103, 80, 106, 106, 10, 34, 94, 89, 57, 43, 18, 69, 49, 85, 54, 25, 103, 23, 11, 103, 42]), array('b', [66, 81, 103, 33, 29, 95, 56, 9, 103, 23, 72, 68, 60, 76, 91, 43, 78, 49, 9, 80, 3]), array('b', [106, 44, 53, 1, 77, 39, 80, 37, 61, 79, 38, 33, 27, 29, 70, 6, 38, 13, 16, 30, 71]), array('b', [25, 109, 59, 43, 26, 56, 109, 82, 105, 34, 97, 76, 81, 111, 14, 103, 97, 88, 81, 96, 71]), array('b', [38, 106, 39, 5, 82, 48, 83, 5, 45, 77, 21, 41, 62, 6, 31, 32, 96, 33, 22, 88, 76])]
------------------------------
Generation 2 statistics
          Min: 13504.0
          Max: 20653.0
          Avg: 16106.2
          Std: 1492.9902879791182
  Improvement: 4.75384398363662
------------------------------
Selected individuals:
[array('b', [103, 80, 106, 106, 10, 57, 94, 89, 34, 43, 18, 41, 49, 85, 54, 25, 103, 23, 11, 103, 42]), array('b', [103, 80, 106, 106, 10, 34, 89, 18, 57, 43, 94, 69, 49, 85, 54, 25, 97, 88, 81, 103, 42]), array('b', [106, 44, 53, 1, 77, 39, 80, 37, 61, 79, 38, 33, 27, 6, 31, 32, 96, 33, 22, 88, 76]), array('b', [103, 80, 106, 106, 10, 34, 18, 103, 57, 43, 94, 69, 49, 85, 54, 25, 89, 23, 11, 103, 42]), array('b', [103, 80, 43, 5, 82, 48, 83, 5, 57, 39, 18, 69, 49, 85, 54, 25, 103, 23, 11, 103, 42])]
------------------------------
Generation 3 statistics
          Min: 13075.0
          Max: 18997.0
          Avg: 15692.08
          Std: 1537.3311788941273
  Improvement: 7.779658626040344
------------------------------
Selected individuals:
[array('b', [103, 80, 106, 106, 10, 34, 89, 18, 57, 43, 94, 69, 49, 85, 54, 25, 103, 23, 81, 103, 42]), array('b', [103, 80, 106, 106, 10, 57, 94, 89, 34, 43, 18, 41, 49, 85, 54, 25, 89, 23, 11, 103, 42]), array('b', [103, 80, 106, 106, 10, 57, 94, 89, 34, 39, 69, 18, 49, 85, 54, 25, 103, 23, 11, 103, 42]), array('b', [103, 80, 106, 106, 10, 57, 94, 89, 34, 43, 25, 41, 49, 85, 54, 42, 89, 23, 11, 103, 18]), array('b', [103, 80, 106, 106, 10, 54, 18, 103, 57, 43, 94, 69, 49, 85, 42, 25, 103, 23, 11, 103, 34])]
------------------------------
Generation 4 statistics
          Min: 13053.0
          Max: 20594.0
          Avg: 15449.2
          Std: 1952.0960734553983
  Improvement: 7.934828607702074
------------------------------
Selected individuals:
[array('b', [103, 80, 106, 106, 10, 34, 89, 18, 41, 43, 94, 57, 49, 85, 54, 25, 103, 23, 81, 103, 42]), array('b', [103, 94, 106, 106, 10, 54, 89, 18, 57, 43, 80, 69, 49, 85, 54, 25, 103, 23, 81, 103, 42]), array('b', [103, 80, 106, 106, 10, 57, 94, 89, 34, 25, 43, 41, 49, 85, 42, 25, 103, 23, 11, 103, 18]), array('b', [103, 80, 106, 106, 10, 57, 42, 85, 57, 43, 94, 69, 49, 89, 54, 25, 103, 23, 11, 103, 94]), array('b', [103, 80, 106, 106, 10, 34, 89, 89, 34, 39, 69, 18, 49, 85, 54, 25, 103, 23, 11, 103, 42])]
------------------------------
Generation 5 statistics
          Min: 12613.0
          Max: 19757.0
          Avg: 14895.48
          Std: 1829.7360600917295
  Improvement: 11.038228240936663
------------------------------
Selected individuals:
[array('b', [103, 80, 106, 106, 11, 57, 42, 85, 57, 69, 94, 43, 49, 85, 42, 25, 103, 23, 10, 103, 94]), array('b', [103, 80, 106, 106, 10, 89, 42, 85, 57, 69, 94, 43, 49, 57, 54, 25, 103, 23, 11, 103, 18]), array('b', [103, 80, 106, 106, 10, 34, 89, 23, 81, 43, 94, 49, 57, 85, 54, 25, 103, 18, 41, 103, 42]), array('b', [11, 80, 106, 106, 10, 34, 89, 18, 41, 43, 94, 57, 49, 85, 54, 25, 103, 23, 103, 103, 42]), array('b', [103, 94, 106, 106, 10, 18, 89, 54, 57, 43, 80, 69, 49, 85, 42, 25, 103, 23, 81, 103, 42])]
------------------------------
Generation 6 statistics
          Min: 12397.0
          Max: 18882.0
          Avg: 14739.28
          Std: 1866.050546367912
  Improvement: 12.56171533361546
------------------------------
Selected individuals:
[array('b', [11, 80, 106, 106, 10, 89, 54, 57, 85, 57, 94, 43, 49, 85, 42, 25, 103, 42, 103, 103, 23]), array('b', [103, 80, 106, 106, 11, 57, 42, 85, 57, 69, 94, 43, 49, 85, 42, 25, 103, 23, 10, 103, 94]), array('b', [103, 80, 106, 106, 94, 69, 42, 85, 10, 23, 57, 43, 49, 57, 54, 25, 103, 34, 11, 103, 42]), array('b', [103, 80, 106, 106, 10, 89, 42, 85, 57, 69, 94, 43, 49, 57, 54, 25, 103, 23, 11, 103, 18]), array('b', [103, 80, 106, 106, 10, 34, 89, 23, 81, 43, 94, 49, 57, 85, 54, 25, 103, 18, 81, 103, 42])]
------------------------------
Generation 7 statistics
          Min: 12260.0
          Max: 19085.0
          Avg: 14641.3
          Std: 1948.7312718792252
  Improvement: 13.528001128508958
------------------------------
Selected individuals:
[array('b', [103, 80, 106, 106, 10, 89, 54, 57, 85, 42, 94, 43, 49, 85, 57, 25, 103, 23, 10, 103, 94]), array('b', [11, 80, 106, 94, 106, 69, 54, 57, 85, 57, 94, 43, 49, 85, 42, 25, 103, 42, 103, 103, 23]), array('b', [11, 80, 106, 106, 10, 89, 54, 57, 85, 57, 94, 43, 49, 85, 42, 25, 103, 42, 103, 103, 23]), array('b', [103, 80, 106, 106, 10, 89, 42, 85, 57, 69, 94, 43, 49, 85, 42, 25, 103, 23, 11, 103, 18]), array('b', [103, 80, 106, 106, 11, 57, 42, 85, 57, 69, 94, 43, 49, 85, 54, 25, 103, 23, 10, 103, 94])]
------------------------------
Generation 8 statistics
          Min: 11841.0
          Max: 20054.0
          Avg: 14800.7
          Std: 2184.553494423975
  Improvement: 16.48328396106644
------------------------------
Selected individuals:
[array('b', [11, 80, 106, 94, 106, 69, 54, 57, 85, 57, 94, 43, 49, 85, 42, 25, 23, 23, 103, 103, 103]), array('b', [11, 80, 106, 106, 10, 89, 54, 57, 85, 42, 94, 43, 49, 85, 42, 25, 23, 42, 103, 103, 103]), array('b', [103, 80, 106, 10, 106, 89, 54, 57, 85, 42, 94, 43, 49, 85, 57, 25, 103, 23, 10, 103, 94]), array('b', [11, 80, 106, 94, 106, 69, 54, 57, 85, 57, 94, 43, 49, 85, 42, 25, 103, 42, 10, 103, 23]), array('b', [11, 80, 106, 106, 10, 89, 54, 57, 85, 23, 94, 43, 49, 85, 42, 25, 103, 23, 11, 103, 57])]
------------------------------
Generation 9 statistics
          Min: 11843.0
          Max: 18847.0
          Avg: 14519.88
          Std: 1957.7324806009742
  Improvement: 16.469177599097193
------------------------------
Selected individuals:
[array('b', [11, 80, 106, 106, 10, 89, 54, 57, 85, 57, 94, 43, 49, 85, 42, 25, 23, 23, 103, 103, 103]), array('b', [11, 80, 106, 106, 10, 103, 54, 57, 85, 42, 94, 43, 49, 85, 42, 25, 103, 23, 11, 89, 57]), array('b', [11, 80, 106, 10, 106, 89, 54, 57, 85, 42, 94, 43, 49, 85, 57, 25, 103, 23, 10, 103, 23]), array('b', [103, 94, 106, 10, 89, 106, 42, 57, 85, 54, 94, 43, 49, 85, 57, 25, 23, 23, 10, 103, 80]), array('b', [103, 80, 106, 10, 106, 89, 54, 57, 85, 42, 94, 43, 49, 85, 42, 25, 103, 23, 10, 103, 94])]
------------------------------
Generation 10 statistics
          Min: 11700.0
          Max: 19425.0
          Avg: 14053.12
          Std: 2062.2490115405476
  Improvement: 17.477782479898433
------------------------------
Selected individuals:
[array('b', [103, 94, 106, 10, 106, 89, 54, 57, 85, 42, 94, 43, 49, 85, 57, 25, 23, 23, 10, 103, 80]), array('b', [11, 80, 106, 106, 10, 103, 54, 57, 103, 42, 94, 42, 49, 85, 43, 25, 23, 23, 10, 85, 57]), array('b', [11, 80, 106, 106, 85, 89, 57, 57, 10, 54, 94, 43, 49, 85, 54, 25, 23, 23, 11, 103, 57]), array('b', [103, 80, 106, 10, 106, 89, 54, 57, 85, 42, 94, 43, 49, 85, 42, 25, 103, 23, 11, 89, 57]), array('b', [11, 80, 106, 106, 10, 89, 54, 57, 94, 54, 85, 43, 49, 85, 57, 25, 23, 23, 103, 103, 103])]
131677.0
[4, 45, 18, 117, 36, 118, 77, 103]
131677.0
[4, 45, 18, 117, 36, 118, 77, 103]
Traceback (most recent call last):
  File "C:\Users\alok\Downloads\projects\project\traffic-signal-optimization\genetic%20algorithm\experiment 3.py", line 58, in <module>
    print(controller.run2())
  File "C:\Users\alok\Downloads\projects\project\traffic-signal-optimization\genetic%20algorithm\experiment 3.py", line 37, in run2
    return ((worstFitness-bestFitness)/worstFitness)*100
NameError: name 'worstFitness' is not defined
>>> 